token	corpus size	all contexts size	frequency	co-frequency	specificity
молодежи	61983	6023	15	15	15.19
и	61983	6023	1702	267	14.89
с	61983	6023	720	136	13.68
хотел	61983	6023	14	11	8.71
объяснил	61983	6023	10	9	8.16
взрослых	61983	6023	30	15	7.67
Всегда	61983	6023	7	7	7.09
Шура	61983	6023	10	8	6.54
иметь	61983	6023	23	12	6.51
ВИЧ	61983	6023	13	9	6.44
берутся	61983	6023	6	6	6.08
возраста	61983	6023	31	13	5.65
имеют	61983	6023	28	12	5.38
семью	61983	6023	20	10	5.30
инвалидностью	61983	6023	7	6	5.27
педагоги	61983	6023	13	8	5.21
проектов	61983	6023	10	7	5.14
направленных	61983	6023	5	5	5.06
родителей	61983	6023	62	18	4.92
Семья	61983	6023	14	8	4.89
родители	61983	6023	52	16	4.79
которые	61983	6023	88	22	4.73
Кузбассе	61983	6023	8	6	4.72
мы	61983	6023	60	17	4.54
должны	61983	6023	44	14	4.45
мест	61983	6023	12	7	4.41
Воспитание	61983	6023	16	8	4.35
о	61983	6023	253	44	4.25
блогера	61983	6023	4	4	4.05
несовершеннолетними	61983	6023	4	4	4.05
откуда	61983	6023	4	4	4.05
до	61983	6023	140	28	3.98
мужчины	61983	6023	10	6	3.93
взрослые	61983	6023	14	7	3.86
своих	61983	6023	23	9	3.82
детей	61983	6023	221	38	3.71
Для	61983	6023	83	19	3.67
почему	61983	6023	29	10	3.67
которых	61983	6023	15	7	3.63
для	61983	6023	378	57	3.60
лет	61983	6023	143	27	3.47
деятельности	61983	6023	16	7	3.43
ДЕТИ	61983	6023	5	4	3.40
заболеваниями	61983	6023	5	4	3.40
избили	61983	6023	5	4	3.40
руках	61983	6023	13	6	3.15
называют	61983	6023	3	3	3.04
значимыми	61983	6023	3	3	3.04
молодежь	61983	6023	3	3	3.04
разработаны	61983	6023	3	3	3.04
семьями	61983	6023	3	3	3.04
Опрос	61983	6023	3	3	3.04
удовлетворенности	61983	6023	3	3	3.04
добро	61983	6023	3	3	3.04
сажать	61983	6023	3	3	3.04
жена	61983	6023	3	3	3.04
других	61983	6023	29	9	3.00
Родителям	61983	6023	6	4	2.96
особенностями	61983	6023	6	4	2.96
входят	61983	6023	6	4	2.96
семей	61983	6023	14	6	2.95
Уход	61983	6023	10	5	2.88
те	61983	6023	10	5	2.88
могут	61983	6023	43	11	2.80
Помочь	61983	6023	15	6	2.78
физического	61983	6023	7	4	2.64
Наша	61983	6023	7	4	2.64
Женщина	61983	6023	7	4	2.64
вести	61983	6023	16	6	2.62
больше	61983	6023	53	12	2.55
неврологии	61983	6023	4	3	2.48
социально	61983	6023	4	3	2.48
педагогов	61983	6023	4	3	2.48
качеством	61983	6023	4	3	2.48
Мнения	61983	6023	4	3	2.48
местного	61983	6023	4	3	2.48
могли	61983	6023	4	3	2.48
рождением	61983	6023	4	3	2.48
папы	61983	6023	4	3	2.48
Муж	61983	6023	4	3	2.48
Консультанты	61983	6023	4	3	2.48
в	61983	6023	1417	162	2.48
помощь	61983	6023	48	11	2.43
наука	61983	6023	8	4	2.38
поддержку	61983	6023	8	4	2.38
Помощь	61983	6023	8	4	2.38
Вера	61983	6023	8	4	2.38
дневного	61983	6023	8	4	2.38
Очень	61983	6023	8	4	2.38
семьи	61983	6023	49	11	2.36
говорить	61983	6023	30	8	2.31
Права	61983	6023	13	5	2.31
Как	61983	6023	96	17	2.23
воспитания	61983	6023	19	6	2.22
защите	61983	6023	9	4	2.17
всей	61983	6023	9	4	2.17
женщину	61983	6023	9	4	2.17
зрения	61983	6023	9	4	2.17
Нужно	61983	6023	9	4	2.17
сами	61983	6023	9	4	2.17
взрослым	61983	6023	9	4	2.17
Life	61983	6023	9	4	2.17
быть	61983	6023	82	15	2.16
эта	61983	6023	5	3	2.13
делаем	61983	6023	5	3	2.13
Исследования	61983	6023	5	3	2.13
очно	61983	6023	5	3	2.13
особенных	61983	6023	5	3	2.13
самоуправления	61983	6023	5	3	2.13
пособия	61983	6023	5	3	2.13
сексе	61983	6023	5	3	2.13
возрасте	61983	6023	40	9	2.05
у	61983	6023	159	24	2.05
отношении	61983	6023	15	5	2.03
II	61983	6023	2	2	2.02
принято	61983	6023	2	2	2.02
веке	61983	6023	2	2	2.02
Европы	61983	6023	2	2	2.02
домов	61983	6023	2	2	2.02
отмечается	61983	6023	2	2	2.02
навязчивое	61983	6023	2	2	2.02
Дополнительные	61983	6023	2	2	2.02
методов	61983	6023	2	2	2.02
длина	61983	6023	2	2	2.02
теломер	61983	6023	2	2	2.02
порнографии	61983	6023	2	2	2.02
Ю	61983	6023	2	2	2.02
Приключения	61983	6023	2	2	2.02
Фэнтези	61983	6023	2	2	2.02
меньшинств	61983	6023	2	2	2.02
Кормление	61983	6023	2	2	2.02
досуга	61983	6023	2	2	2.02
посещают	61983	6023	2	2	2.02
вклада	61983	6023	2	2	2.02
Роза	61983	6023	2	2	2.02
ветров	61983	6023	2	2	2.02
тяжёлыми	61983	6023	2	2	2.02
множественными	61983	6023	2	2	2.02
Сопровождение	61983	6023	2	2	2.02
выбирают	61983	6023	2	2	2.02
дошкольного	61983	6023	2	2	2.02
тяжелобольных	61983	6023	2	2	2.02
повод	61983	6023	2	2	2.02
множилось	61983	6023	2	2	2.02
получили	61983	6023	2	2	2.02
прожить	61983	6023	2	2	2.02
Авто	61983	6023	2	2	2.02
Инфографика	61983	6023	2	2	2.02
преподавать	61983	6023	2	2	2.02
уж	61983	6023	2	2	2.02
троих	61983	6023	2	2	2.02
положения	61983	6023	2	2	2.02
попавших	61983	6023	2	2	2.02
физическими	61983	6023	2	2	2.02
психическими	61983	6023	2	2	2.02
недостатками	61983	6023	2	2	2.02
защитой	61983	6023	2	2	2.02
запрещает	61983	6023	2	2	2.02
бесплатное	61983	6023	2	2	2.02
учреждениях	61983	6023	2	2	2.02
родившихся	61983	6023	2	2	2.02
Переписывался	61983	6023	2	2	2.02
неуместных	61983	6023	2	2	2.02
переписках	61983	6023	2	2	2.02
передает	61983	6023	2	2	2.02
Tengrinews	61983	6023	2	2	2.02
зафиксировали	61983	6023	2	2	2.02
крестницу	61983	6023	2	2	2.02
Проблема	61983	6023	2	2	2.02
здоровых	61983	6023	2	2	2.02
Стас	61983	6023	2	2	2.02
Михайлов	61983	6023	2	2	2.02
сопровождающими	61983	6023	2	2	2.02
объясняет	61983	6023	2	2	2.02
маленьких	61983	6023	2	2	2.02
Откуда	61983	6023	2	2	2.02
Психолог	61983	6023	2	2	2.02
специалист	61983	6023	2	2	2.02
детско-родительским	61983	6023	2	2	2.02
насПочему	61983	6023	2	2	2.02
историяМиссия	61983	6023	2	2	2.02
ценностиКонтакты	61983	6023	2	2	2.02
послушные	61983	6023	2	2	2.02
Шидухи	61983	6023	2	2	2.02
Учеба	61983	6023	2	2	2.02
Zoom	61983	6023	2	2	2.02
Даф	61983	6023	2	2	2.02
аЙоми	61983	6023	2	2	2.02
Ежедневно	61983	6023	2	2	2.02
выстроить	61983	6023	2	2	2.02
вскоре	61983	6023	2	2	2.02
дал	61983	6023	2	2	2.02
Молитва	61983	6023	2	2	2.02
молитву	61983	6023	2	2	2.02
Ашер	61983	6023	2	2	2.02
Кушнир	61983	6023	2	2	2.02
Telegram-канал	61983	6023	2	2	2.02
Чек-лист	61983	6023	2	2	2.02
аквапарков	61983	6023	2	2	2.02
понравится	61983	6023	2	2	2.02
детях	61983	6023	10	4	1.99
программ	61983	6023	10	4	1.99
Более	61983	6023	10	4	1.99
школе	61983	6023	10	4	1.99
же	61983	6023	49	10	1.94
кто	61983	6023	16	5	1.91
Дети	61983	6023	73	13	1.89
развитие	61983	6023	50	10	1.89
всех	61983	6023	29	7	1.87
фонда	61983	6023	29	7	1.87
потребности	61983	6023	6	3	1.87
ежегодно	61983	6023	6	3	1.87
Специалистам	61983	6023	6	3	1.87
Онлайн	61983	6023	6	3	1.87
нуждаются	61983	6023	6	3	1.87
Тесты	61983	6023	6	3	1.87
самой	61983	6023	6	3	1.87
Согласно	61983	6023	6	3	1.87
путешествия	61983	6023	6	3	1.87
здоровья	61983	6023	36	8	1.86
раннего	61983	6023	11	4	1.84
ещё	61983	6023	17	5	1.80
также	61983	6023	109	17	1.78
проекты	61983	6023	12	4	1.71
пространство	61983	6023	12	4	1.71
по	61983	6023	305	38	1.69
воспитании	61983	6023	7	3	1.67
отношение	61983	6023	7	3	1.67
важных	61983	6023	7	3	1.67
своем	61983	6023	7	3	1.67
защита	61983	6023	7	3	1.67
уважать	61983	6023	7	3	1.67
Закиева	61983	6023	7	3	1.67
команды	61983	6023	32	7	1.67
который	61983	6023	25	6	1.67
детьми	61983	6023	55	10	1.66
проекта	61983	6023	19	5	1.62
от	61983	6023	225	29	1.62
помощи	61983	6023	56	10	1.62
жизнь	61983	6023	33	7	1.61
Также	61983	6023	13	4	1.60
видео	61983	6023	13	4	1.60
начало	61983	6023	3	2	1.59
уходе	61983	6023	3	2	1.59
странах	61983	6023	3	2	1.59
необходимых	61983	6023	3	2	1.59
включает	61983	6023	3	2	1.59
отцов	61983	6023	3	2	1.59
Жанры	61983	6023	3	2	1.59
гарантия	61983	6023	3	2	1.59
отец	61983	6023	3	2	1.59
давать	61983	6023	3	2	1.59
вскармливании	61983	6023	3	2	1.59
БЛАГОТВОРИТЕЛЬНЫЙ	61983	6023	3	2	1.59
ФОНД	61983	6023	3	2	1.59
помогаем	61983	6023	3	2	1.59
трудной	61983	6023	3	2	1.59
сферы	61983	6023	3	2	1.59
всестороннее	61983	6023	3	2	1.59
города	61983	6023	3	2	1.59
поделиться	61983	6023	3	2	1.59
Насколько	61983	6023	3	2	1.59
результат	61983	6023	3	2	1.59
нарушениями	61983	6023	3	2	1.59
смогли	61983	6023	3	2	1.59
редкими	61983	6023	3	2	1.59
ОВЗ	61983	6023	3	2	1.59
сложные	61983	6023	3	2	1.59
маяком	61983	6023	3	2	1.59
Дома	61983	6023	3	2	1.59
Армия	61983	6023	3	2	1.59
Технологии	61983	6023	3	2	1.59
Стиль	61983	6023	3	2	1.59
Эксклюзивы	61983	6023	3	2	1.59
социального	61983	6023	3	2	1.59
благополучии	61983	6023	3	2	1.59
физическому	61983	6023	3	2	1.59
Закона	61983	6023	3	2	1.59
зависимость	61983	6023	3	2	1.59
постановления	61983	6023	3	2	1.59
публикацию	61983	6023	3	2	1.59
Певец	61983	6023	3	2	1.59
обожает	61983	6023	3	2	1.59
авиакомпании	61983	6023	3	2	1.59
уверенно	61983	6023	3	2	1.59
центра	61983	6023	3	2	1.59
тысячи	61983	6023	3	2	1.59
ждёт	61983	6023	3	2	1.59
вовремя	61983	6023	3	2	1.59
отношениям	61983	6023	3	2	1.59
пытаются	61983	6023	3	2	1.59
летШкола	61983	6023	3	2	1.59
Офлайн	61983	6023	3	2	1.59
Б-г	61983	6023	3	2	1.59
воспринимают	61983	6023	3	2	1.59
за	61983	6023	190	25	1.58
не	61983	6023	502	57	1.57
свою	61983	6023	20	5	1.54
их	61983	6023	92	14	1.54
тех	61983	6023	8	3	1.51
программе	61983	6023	8	3	1.51
личное	61983	6023	8	3	1.51
О	61983	6023	68	11	1.48
со	61983	6023	60	10	1.47
много	61983	6023	21	5	1.46
более	61983	6023	52	9	1.46
постановил	61983	6023	15	4	1.40
этом	61983	6023	80	12	1.39
обращения	61983	6023	9	3	1.38
фонде	61983	6023	9	3	1.38
Проекты	61983	6023	9	3	1.38
учителей	61983	6023	9	3	1.38
стране	61983	6023	9	3	1.38
дополнительного	61983	6023	9	3	1.38
прежде	61983	6023	9	3	1.38
мужа	61983	6023	9	3	1.38
работать	61983	6023	9	3	1.38
занимаются	61983	6023	9	3	1.38
многие	61983	6023	9	3	1.38
брать	61983	6023	9	3	1.38
Forbes	61983	6023	9	3	1.38
можно	61983	6023	72	11	1.37
помочь	61983	6023	38	7	1.36
I	61983	6023	4	2	1.34
интереса	61983	6023	4	2	1.34
организма	61983	6023	4	2	1.34
процессов	61983	6023	4	2	1.34
нарушения	61983	6023	4	2	1.34
жестокого	61983	6023	4	2	1.34
направленные	61983	6023	4	2	1.34
органами	61983	6023	4	2	1.34
Медсестра	61983	6023	4	2	1.34
регионе	61983	6023	4	2	1.34
пути	61983	6023	4	2	1.34
больным	61983	6023	4	2	1.34
жизненной	61983	6023	4	2	1.34
специальным	61983	6023	4	2	1.34
регионах	61983	6023	4	2	1.34
pro	61983	6023	4	2	1.34
плюс	61983	6023	4	2	1.34
ситуациях	61983	6023	4	2	1.34
акция	61983	6023	4	2	1.34
неизлечимо	61983	6023	4	2	1.34
взрослыми	61983	6023	4	2	1.34
наши	61983	6023	4	2	1.34
несмотря	61983	6023	4	2	1.34
важный	61983	6023	4	2	1.34
осуществлении	61983	6023	4	2	1.34
обращаться	61983	6023	4	2	1.34
читайте	61983	6023	4	2	1.34
сообщать	61983	6023	4	2	1.34
труд	61983	6023	4	2	1.34
любого	61983	6023	4	2	1.34
Такое	61983	6023	4	2	1.34
особыми	61983	6023	4	2	1.34
потребностями	61983	6023	4	2	1.34
омбудсмен	61983	6023	4	2	1.34
отреагировала	61983	6023	4	2	1.34
заявление	61983	6023	4	2	1.34
любых	61983	6023	4	2	1.34
сделал	61983	6023	4	2	1.34
избегать	61983	6023	4	2	1.34
ощущения	61983	6023	4	2	1.34
лежат	61983	6023	4	2	1.34
ревность	61983	6023	4	2	1.34
принципы	61983	6023	4	2	1.34
пять	61983	6023	4	2	1.34
стран	61983	6023	4	2	1.34
участников	61983	6023	16	4	1.32
г	61983	6023	48	8	1.30
образования	61983	6023	24	5	1.28
все	61983	6023	104	14	1.27
обязанности	61983	6023	10	3	1.27
школа	61983	6023	10	3	1.27
старшего	61983	6023	10	3	1.27
Летучей	61983	6023	10	3	1.27
никогда	61983	6023	10	3	1.27
жизни	61983	6023	76	11	1.26
что	61983	6023	374	40	1.26
язык	61983	6023	17	4	1.25
Редакция	61983	6023	17	4	1.25
права	61983	6023	50	8	1.23
из	61983	6023	167	20	1.22
так	61983	6023	78	11	1.22
детям	61983	6023	42	7	1.21
родителями	61983	6023	18	4	1.19
являются	61983	6023	11	3	1.18
зависимости	61983	6023	11	3	1.18
насилия	61983	6023	11	3	1.18
Отчеты	61983	6023	11	3	1.18
соцсетях	61983	6023	11	3	1.18
поговорить	61983	6023	11	3	1.18
заниматься	61983	6023	11	3	1.18
Эстонии	61983	6023	11	3	1.18
тут	61983	6023	11	3	1.18
тысяч	61983	6023	11	3	1.18
воспитанию	61983	6023	5	2	1.16
примерно	61983	6023	5	2	1.16
формирование	61983	6023	5	2	1.16
Таким	61983	6023	5	2	1.16
первую	61983	6023	5	2	1.16
неё	61983	6023	5	2	1.16
Back	61983	6023	5	2	1.16
Защита	61983	6023	5	2	1.16
предотвратить	61983	6023	5	2	1.16
отвечает	61983	6023	5	2	1.16
Медиа	61983	6023	5	2	1.16
Помогите	61983	6023	5	2	1.16
оценивают	61983	6023	5	2	1.16
категории	61983	6023	5	2	1.16
участником	61983	6023	5	2	1.16
улучшения	61983	6023	5	2	1.16
Обучение	61983	6023	5	2	1.16
наших	61983	6023	5	2	1.16
достижения	61983	6023	5	2	1.16
Смену	61983	6023	5	2	1.16
хороший	61983	6023	5	2	1.16
сложно	61983	6023	5	2	1.16
Бизнес	61983	6023	5	2	1.16
станет	61983	6023	5	2	1.16
считает	61983	6023	5	2	1.16
унизительное	61983	6023	5	2	1.16
занимается	61983	6023	5	2	1.16
телефону	61983	6023	5	2	1.16
дело	61983	6023	5	2	1.16
возможностями	61983	6023	5	2	1.16
Гамзаева	61983	6023	5	2	1.16
видят	61983	6023	5	2	1.16
могу	61983	6023	5	2	1.16
будущих	61983	6023	5	2	1.16
младшего	61983	6023	5	2	1.16
жестоко	61983	6023	5	2	1.16
возможность	61983	6023	27	5	1.13
ситуации	61983	6023	19	4	1.13
которая	61983	6023	19	4	1.13
своим	61983	6023	19	4	1.13
потому	61983	6023	19	4	1.13
будет	61983	6023	74	10	1.11
воспитание	61983	6023	12	3	1.09
детский	61983	6023	12	3	1.09
проблемы	61983	6023	12	3	1.09
Фонд	61983	6023	12	3	1.09
сентября	61983	6023	12	3	1.09
наказание	61983	6023	12	3	1.09
другие	61983	6023	28	5	1.09
к	61983	6023	248	25	1.08
возраст	61983	6023	20	4	1.07
этой	61983	6023	20	4	1.07
прав	61983	6023	20	4	1.07
развития	61983	6023	77	10	1.06
мама	61983	6023	21	4	1.03
тем	61983	6023	21	4	1.03
д	61983	6023	21	4	1.03
мамы	61983	6023	21	4	1.03
характера	61983	6023	6	2	1.03
этим	61983	6023	6	2	1.03
находятся	61983	6023	6	2	1.03
молодых	61983	6023	6	2	1.03
Б	61983	6023	6	2	1.03
работаем	61983	6023	6	2	1.03
изменить	61983	6023	6	2	1.03
нужна	61983	6023	6	2	1.03
критериям	61983	6023	6	2	1.03
проект	61983	6023	6	2	1.03
Найти	61983	6023	6	2	1.03
Наука	61983	6023	6	2	1.03
Психология	61983	6023	6	2	1.03
привычки	61983	6023	6	2	1.03
другими	61983	6023	6	2	1.03
граждан	61983	6023	6	2	1.03
Динара	61983	6023	6	2	1.03
начинают	61983	6023	6	2	1.03
продолжительность	61983	6023	6	2	1.03
автор	61983	6023	6	2	1.03
мам	61983	6023	6	2	1.03
прекрасно	61983	6023	6	2	1.03
поскольку	61983	6023	6	2	1.03
собрать	61983	6023	6	2	1.03
ними	61983	6023	13	3	1.02
детских	61983	6023	13	3	1.02
Летучие	61983	6023	13	3	1.02
работает	61983	6023	13	3	1.02
темы	61983	6023	13	3	1.02
общем	61983	6023	1	1	1.01
пубертатного	61983	6023	1	1	1.01
Римская	61983	6023	1	1	1.01
империя	61983	6023	1	1	1.01
век	61983	6023	1	1	1.01
н	61983	6023	1	1	1.01
э	61983	6023	1	1	1.01
Учение	61983	6023	1	1	1.01
пишут	61983	6023	1	1	1.01
Цельс	61983	6023	1	1	1.01
Гален	61983	6023	1	1	1.01
Соран	61983	6023	1	1	1.01
воспитательных	61983	6023	1	1	1.01
приютов	61983	6023	1	1	1.01
подкидышей	61983	6023	1	1	1.01
беспризорных	61983	6023	1	1	1.01
способствовали	61983	6023	1	1	1.01
пробуждению	61983	6023	1	1	1.01
особенностям	61983	6023	1	1	1.01
XV	61983	6023	1	1	1.01
XVII	61983	6023	1	1	1.01
веках	61983	6023	1	1	1.01
опубликовано	61983	6023	1	1	1.01
трудов	61983	6023	1	1	1.01
посвящённых	61983	6023	1	1	1.01
выхаживанию	61983	6023	1	1	1.01
Пётр	61983	6023	1	1	1.01
указ	61983	6023	1	1	1.01
строении	61983	6023	1	1	1.01
разработавшего	61983	6023	1	1	1.01
наставления	61983	6023	1	1	1.01
развивающийся	61983	6023	1	1	1.01
Грудные	61983	6023	1	1	1.01
нормальных	61983	6023	1	1	1.01
грудных	61983	6023	1	1	1.01
дыхание	61983	6023	1	1	1.01
возрастает	61983	6023	1	1	1.01
едва	61983	6023	1	1	1.01
заметна	61983	6023	1	1	1.01
текучесть	61983	6023	1	1	1.01
Отец	61983	6023	1	1	1.01
кататься	61983	6023	1	1	1.01
человеческой	61983	6023	1	1	1.01
направлениями	61983	6023	1	1	1.01
постоянное	61983	6023	1	1	1.01
расширении	61983	6023	1	1	1.01
разъяснение	61983	6023	1	1	1.01
сущности	61983	6023	1	1	1.01
интересны	61983	6023	1	1	1.01
нравственных	61983	6023	1	1	1.01
рекомендует	61983	6023	1	1	1.01
постепенный	61983	6023	1	1	1.01
систематический	61983	6023	1	1	1.01
древности	61983	6023	1	1	1.01
имело	61983	6023	1	1	1.01
специфической	61983	6023	1	1	1.01
Нормы	61983	6023	1	1	1.01
растущие	61983	6023	1	1	1.01
кислороде	61983	6023	1	1	1.01
отводе	61983	6023	1	1	1.01
углекислого	61983	6023	1	1	1.01
газа	61983	6023	1	1	1.01
Следит	61983	6023	1	1	1.01
течением	61983	6023	1	1	1.01
состоянием	61983	6023	1	1	1.01
связанными	61983	6023	1	1	1.01
самостоятельная	61983	6023	1	1	1.01
возможные	61983	6023	1	1	1.01
ибо	61983	6023	1	1	1.01
патологических	61983	6023	1	1	1.01
существенно	61983	6023	1	1	1.01
таковых	61983	6023	1	1	1.01
реакция	61983	6023	1	1	1.01
организованного	61983	6023	1	1	1.01
коллектива	61983	6023	1	1	1.01
ясли	61983	6023	1	1	1.01
комбинат	61983	6023	1	1	1.01
интернат	61983	6023	1	1	1.01
стационар	61983	6023	1	1	1.01
педиатры	61983	6023	1	1	1.01
авангарде	61983	6023	1	1	1.01
служб	61983	6023	1	1	1.01
выступая	61983	6023	1	1	1.01
роли	61983	6023	1	1	1.01
хранителей	61983	6023	1	1	1.01
Элин	61983	6023	1	1	1.01
Даниельсон-Гамбоджи	61983	6023	1	1	1.01
Материнская	61983	6023	1	1	1.01
Состояние	61983	6023	1	1	1.01
популяциях	61983	6023	1	1	1.01
земного	61983	6023	1	1	1.01
шара	61983	6023	1	1	1.01
придаётся	61983	6023	1	1	1.01
поведенческим	61983	6023	1	1	1.01
аспектам	61983	6023	1	1	1.01
пересмотра	61983	6023	1	1	1.01
привычных	61983	6023	1	1	1.01
заканчивая	61983	6023	1	1	1.01
внедрением	61983	6023	1	1	1.01
профилактику	61983	6023	1	1	1.01
неудовлетворительного	61983	6023	1	1	1.01
Профилактическое	61983	6023	1	1	1.01
педиатрии	61983	6023	1	1	1.01
пожилых	61983	6023	1	1	1.01
увеличена	61983	6023	1	1	1.01
концах	61983	6023	1	1	1.01
ДНК	61983	6023	1	1	1.01
потенциально	61983	6023	1	1	1.01
третьем	61983	6023	1	1	1.01
поколении	61983	6023	1	1	1.01
родились	61983	6023	1	1	1.01
остаётся	61983	6023	1	1	1.01
контекста	61983	6023	1	1	1.01
Другой	61983	6023	1	1	1.01
перестал	61983	6023	1	1	1.01
достижении	61983	6023	1	1	1.01
зрелости	61983	6023	1	1	1.01
вредоносной	61983	6023	1	1	1.01
демонстрация	61983	6023	1	1	1.01
пропаганда	61983	6023	1	1	1.01
проследили	61983	6023	1	1	1.01
эффект	61983	6023	1	1	1.01
поздним	61983	6023	1	1	1.01
поколениях	61983	6023	1	1	1.01
Осипов	61983	6023	1	1	1.01
Гиппенрейтер	61983	6023	1	1	1.01
Общаться	61983	6023	1	1	1.01
Комедии	61983	6023	1	1	1.01
Ужасы	61983	6023	1	1	1.01
Фантастика	61983	6023	1	1	1.01
Комедия	61983	6023	1	1	1.01
Полнометражные	61983	6023	1	1	1.01
Американские	61983	6023	1	1	1.01
Чудесная	61983	6023	1	1	1.01
радует	61983	6023	1	1	1.01
отчаявшееся	61983	6023	1	1	1.01
Рецензии	61983	6023	1	1	1.01
драма	61983	6023	1	1	1.01
Любителям	61983	6023	1	1	1.01
драму	61983	6023	1	1	1.01
Приоритетные	61983	6023	1	1	1.01
раннем	61983	6023	1	1	1.01
детстве	61983	6023	1	1	1.01
живущие	61983	6023	1	1	1.01
бедности	61983	6023	1	1	1.01
Дети-мигранты	61983	6023	1	1	1.01
дети-беженцы	61983	6023	1	1	1.01
рома	61983	6023	1	1	1.01
этнических	61983	6023	1	1	1.01
Реагирование	61983	6023	1	1	1.01
чрезвычайные	61983	6023	1	1	1.01
Война	61983	6023	1	1	1.01
Взаимодействие	61983	6023	1	1	1.01
голубая	61983	6023	1	1	1.01
заботится	61983	6023	1	1	1.01
новорожденным	61983	6023	1	1	1.01
миллиона	61983	6023	1	1	1.01
умирают	61983	6023	1	1	1.01
вакцинации	61983	6023	1	1	1.01
трём	61983	6023	1	1	1.01
диапазон	61983	6023	1	1	1.01
расширяется	61983	6023	1	1	1.01
мёда	61983	6023	1	1	1.01
исполнится	61983	6023	1	1	1.01
Вестник	61983	6023	1	1	1.01
СПервыхДнейЖизни	61983	6023	1	1	1.01
Посетите	61983	6023	1	1	1.01
прохождении	61983	6023	1	1	1.01
родовые	61983	6023	1	1	1.01
компенсировать	61983	6023	1	1	1.01
анатомия	61983	6023	1	1	1.01
подвижность	61983	6023	1	1	1.01
СТРЕСС	61983	6023	1	1	1.01
быстрое	61983	6023	1	1	1.01
разлучение	61983	6023	1	1	1.01
поймёт	61983	6023	1	1	1.01
сопровождал	61983	6023	1	1	1.01
Шесть	61983	6023	1	1	1.01
воспитывала	61983	6023	1	1	1.01
одиннадцать	61983	6023	1	1	1.01
многодетная	61983	6023	1	1	1.01
опечатку	61983	6023	1	1	1.01
Отписаться	61983	6023	1	1	1.01
Oфициальный	61983	6023	1	1	1.01
больному	61983	6023	1	1	1.01
радостьВИЧ	61983	6023	1	1	1.01
доброжелательностьВИЧ	61983	6023	1	1	1.01
добром	61983	6023	1	1	1.01
специалистыВокруг	61983	6023	1	1	1.01
просвещенных	61983	6023	1	1	1.01
тренеров	61983	6023	1	1	1.01
семьяМногие	61983	6023	1	1	1.01
проживая	61983	6023	1	1	1.01
создан	61983	6023	1	1	1.01
детей-сирот	61983	6023	1	1	1.01
попечения	61983	6023	1	1	1.01
кровных	61983	6023	1	1	1.01
сосредоточились	61983	6023	1	1	1.01
рожденным	61983	6023	1	1	1.01
вирусом	61983	6023	1	1	1.01
иммунодефицита	61983	6023	1	1	1.01
ВИЧ-инфекцией	61983	6023	1	1	1.01
интегрировать	61983	6023	1	1	1.01
возвращения	61983	6023	1	1	1.01
повышение	61983	6023	1	1	1.01
квалификации	61983	6023	1	1	1.01
СЗЗ	61983	6023	1	1	1.01
ПЛЮСПСИХОЛОГ	61983	6023	1	1	1.01
Улучшение	61983	6023	1	1	1.01
воспитывающих	61983	6023	1	1	1.01
ПЛЮСЖИЗНЬ	61983	6023	1	1	1.01
vkontakte	61983	6023	1	1	1.01
подростках	61983	6023	1	1	1.01
рожденных	61983	6023	1	1	1.01
судьбу	61983	6023	1	1	1.01
наступающим	61983	6023	1	1	1.01
Годом	61983	6023	1	1	1.01
Всероссийской	61983	6023	1	1	1.01
наградой	61983	6023	1	1	1.01
поощряет	61983	6023	1	1	1.01
всестороннего	61983	6023	1	1	1.01
достойных	61983	6023	1	1	1.01
всероссийского	61983	6023	1	1	1.01
признания	61983	6023	1	1	1.01
благодарности	61983	6023	1	1	1.01
ИДЕЯ	61983	6023	1	1	1.01
проверяют	61983	6023	1	1	1.01
удобство	61983	6023	1	1	1.01
методология	61983	6023	1	1	1.01
воспитательной	61983	6023	1	1	1.01
масштаб	61983	6023	1	1	1.01
развлечений	61983	6023	1	1	1.01
созданных	61983	6023	1	1	1.01
реализуемых	61983	6023	1	1	1.01
самими	61983	6023	1	1	1.01
ДЕТЯМ	61983	6023	1	1	1.01
ЗДОРОВЫЙ	61983	6023	1	1	1.01
ОБРАЗ	61983	6023	1	1	1.01
ЖИЗНИ	61983	6023	1	1	1.01
ЗОЖ	61983	6023	1	1	1.01
популяризацию	61983	6023	1	1	1.01
Специальные	61983	6023	1	1	1.01
притяжения	61983	6023	1	1	1.01
сердцем	61983	6023	1	1	1.01
РАВНЫЕ	61983	6023	1	1	1.01
ВОЗМОЖНОСТИ	61983	6023	1	1	1.01
платформ	61983	6023	1	1	1.01
войдёт	61983	6023	1	1	1.01
каталог	61983	6023	1	1	1.01
критерии	61983	6023	1	1	1.01
проектом	61983	6023	1	1	1.01
номинанты	61983	6023	1	1	1.01
Критерии	61983	6023	1	1	1.01
методическая	61983	6023	1	1	1.01
ценностями	61983	6023	1	1	1.01
воспитанием	61983	6023	1	1	1.01
сплотить	61983	6023	1	1	1.01
заинтересованы	61983	6023	1	1	1.01
Удобно	61983	6023	1	1	1.01
добираться	61983	6023	1	1	1.01
Каков	61983	6023	1	1	1.01
открыто	61983	6023	1	1	1.01
информирует	61983	6023	1	1	1.01
зарегистрированные	61983	6023	1	1	1.01
создаются	61983	6023	1	1	1.01
рейтинге	61983	6023	1	1	1.01
узнавать	61983	6023	1	1	1.01
раскрывать	61983	6023	1	1	1.01
создавать	61983	6023	1	1	1.01
Грантовый	61983	6023	1	1	1.01
финансовую	61983	6023	1	1	1.01
проектных	61983	6023	1	1	1.01
активностей	61983	6023	1	1	1.01
Системное	61983	6023	1	1	1.01
нацеленных	61983	6023	1	1	1.01
Полная	61983	6023	1	1	1.01
линейка	61983	6023	1	1	1.01
продуктов	61983	6023	1	1	1.01
читает	61983	6023	1	1	1.01
лекции	61983	6023	1	1	1.01
Филипповской	61983	6023	1	1	1.01
рассказывая	61983	6023	1	1	1.01
пятиклассникам	61983	6023	1	1	1.01
настоящую	61983	6023	1	1	1.01
Станислав	61983	6023	1	1	1.01
Дробышевский	61983	6023	1	1	1.01
Антрополог	61983	6023	1	1	1.01
кандидат	61983	6023	1	1	1.01
антропологии	61983	6023	1	1	1.01
ЦСПР	61983	6023	1	1	1.01
абилитацию	61983	6023	1	1	1.01
специальной	61983	6023	1	1	1.01
индивидуальный	61983	6023	1	1	1.01
посещающие	61983	6023	1	1	1.01
будние	61983	6023	1	1	1.01
индивидуального	61983	6023	1	1	1.01
подхода	61983	6023	1	1	1.01
Постоянное	61983	6023	1	1	1.01
трансдисциплинарный	61983	6023	1	1	1.01
руководством	61983	6023	1	1	1.01
ведущего	61983	6023	1	1	1.01
тьютора	61983	6023	1	1	1.01
естественных	61983	6023	1	1	1.01
бытовых	61983	6023	1	1	1.01
опоры	61983	6023	1	1	1.01
внутри	61983	6023	1	1	1.01
достичь	61983	6023	1	1	1.01
успехов	61983	6023	1	1	1.01
поверки	61983	6023	1	1	1.01
диагностических	61983	6023	1	1	1.01
надёжной	61983	6023	1	1	1.01
делимся	61983	6023	1	1	1.01
Книгу	61983	6023	1	1	1.01
Системный	61983	6023	1	1	1.01
Отчётность	61983	6023	1	1	1.01
Госпитализация	61983	6023	1	1	1.01
новорождённым	61983	6023	1	1	1.01
отказным	61983	6023	1	1	1.01
Реабилитация	61983	6023	1	1	1.01
Стоматология	61983	6023	1	1	1.01
Патронаж	61983	6023	1	1	1.01
Генетика	61983	6023	1	1	1.01
Психологическая	61983	6023	1	1	1.01
Юридическая	61983	6023	1	1	1.01
Делитесь	61983	6023	1	1	1.01
отзывами	61983	6023	1	1	1.01
впечатлениями	61983	6023	1	1	1.01
Ксения	61983	6023	1	1	1.01
Романова	61983	6023	1	1	1.01
Драница	61983	6023	1	1	1.01
Перевенкова	61983	6023	1	1	1.01
Валентиновна	61983	6023	1	1	1.01
Вероники	61983	6023	1	1	1.01
Английский	61983	6023	1	1	1.01
Хореография	61983	6023	1	1	1.01
ритмику	61983	6023	1	1	1.01
нетрадиционного	61983	6023	1	1	1.01
Живое	61983	6023	1	1	1.01
Умелые	61983	6023	1	1	1.01
Предназначена	61983	6023	1	1	1.01
МАДОУ	61983	6023	1	1	1.01
ВСЕРОССИЙСКАЯ	61983	6023	1	1	1.01
Благотворительная	61983	6023	1	1	1.01
Помогаем	61983	6023	1	1	1.01
тяжелобольным	61983	6023	1	1	1.01
Городов	61983	6023	1	1	1.01
Регистраций	61983	6023	1	1	1.01
Сэкономленные	61983	6023	1	1	1.01
переведите	61983	6023	1	1	1.01
больными	61983	6023	1	1	1.01
молодыми	61983	6023	1	1	1.01
любила	61983	6023	1	1	1.01
лепить	61983	6023	1	1	1.01
занималась	61983	6023	1	1	1.01
керамикой	61983	6023	1	1	1.01
поучаствует	61983	6023	1	1	1.01
городами	61983	6023	1	1	1.01
понимаем	61983	6023	1	1	1.01
населенные	61983	6023	1	1	1.01
пункты	61983	6023	1	1	1.01
деревни	61983	6023	1	1	1.01
Дельвига	61983	6023	1	1	1.01
историей	61983	6023	1	1	1.01
Черноголовка	61983	6023	1	1	1.01
инициаторами	61983	6023	1	1	1.01
выступили	61983	6023	1	1	1.01
считаем	61983	6023	1	1	1.01
уделяем	61983	6023	1	1	1.01
болеют	61983	6023	1	1	1.01
ценнее	61983	6023	1	1	1.01
милосерднее	61983	6023	1	1	1.01
Нюта	61983	6023	1	1	1.01
Федермессер	61983	6023	1	1	1.01
Помогает	61983	6023	1	1	1.01
достоинством	61983	6023	1	1	1.01
опекой	61983	6023	1	1	1.01
болезнь	61983	6023	1	1	1.01
счастливую	61983	6023	1	1	1.01
Поисковый	61983	6023	1	1	1.01
Развлечения	61983	6023	1	1	1.01
Калькуляторы	61983	6023	1	1	1.01
Ведущими	61983	6023	1	1	1.01
функциями	61983	6023	1	1	1.01
передача	61983	6023	1	1	1.01
духовно-нравственного	61983	6023	1	1	1.01
культурного	61983	6023	1	1	1.01
новому	61983	6023	1	1	1.01
поколению	61983	6023	1	1	1.01
ознакомятся	61983	6023	1	1	1.01
брачно-семейных	61983	6023	1	1	1.01
ролью	61983	6023	1	1	1.01
компонент	61983	6023	1	1	1.01
благоприятной	61983	6023	1	1	1.01
пищевые	61983	6023	1	1	1.01
предполагается	61983	6023	1	1	1.01
Желание	61983	6023	1	1	1.01
крепкой	61983	6023	1	1	1.01
аспиранты	61983	6023	1	1	1.01
магистры	61983	6023	1	1	1.01
пишет	61983	6023	1	1	1.01
некогда	61983	6023	1	1	1.01
пускают	61983	6023	1	1	1.01
самотек	61983	6023	1	1	1.01
Москвы	61983	6023	1	1	1.01
Саранска	61983	6023	1	1	1.01
замкнут	61983	6023	1	1	1.01
Направлять	61983	6023	1	1	1.01
приехала	61983	6023	1	1	1.01
Москву	61983	6023	1	1	1.01
kaks	61983	6023	1	1	1.01
last	61983	6023	1	1	1.01
üks	61983	6023	1	1	1.01
hoiab	61983	6023	1	1	1.01
banaani	61983	6023	1	1	1.01
silmade	61983	6023	1	1	1.01
ees	61983	6023	1	1	1.01
teine	61983	6023	1	1	1.01
mandarini	61983	6023	1	1	1.01
Канцлер	61983	6023	1	1	1.01
омбудсменом	61983	6023	1	1	1.01
продвижение	61983	6023	1	1	1.01
канцлеру	61983	6023	1	1	1.01
Строка	61983	6023	1	1	1.01
Сферы	61983	6023	1	1	1.01
Põhinavigatsioon	61983	6023	1	1	1.01
Важные	61983	6023	1	1	1.01
Oмбудсмен	61983	6023	1	1	1.01
raport	61983	6023	1	1	1.01
ÜRO-leLasteabi	61983	6023	1	1	1.01
одинаковые	61983	6023	1	1	1.01
чести	61983	6023	1	1	1.01
бабушек	61983	6023	1	1	1.01
дедушек	61983	6023	1	1	1.01
воспитателей	61983	6023	1	1	1.01
расы	61983	6023	1	1	1.01
аспектах	61983	6023	1	1	1.01
обязанностях	61983	6023	1	1	1.01
заботе	61983	6023	1	1	1.01
какое-либо	61983	6023	1	1	1.01
физический	61983	6023	1	1	1.01
недостаток	61983	6023	1	1	1.01
вооруженных	61983	6023	1	1	1.01
обеспечивают	61983	6023	1	1	1.01
особый	61983	6023	1	1	1.01
уязвимыми	61983	6023	1	1	1.01
насильственное	61983	6023	1	1	1.01
неприемлемым	61983	6023	1	1	1.01
распространено	61983	6023	1	1	1.01
оправдывается	61983	6023	1	1	1.01
традициями	61983	6023	1	1	1.01
воспитательными	61983	6023	1	1	1.01
Взрослым	61983	6023	1	1	1.01
многому	61983	6023	1	1	1.01
дадим	61983	6023	1	1	1.01
научимся	61983	6023	1	1	1.01
научим	61983	6023	1	1	1.01
правильному	61983	6023	1	1	1.01
поведению	61983	6023	1	1	1.01
собственном	61983	6023	1	1	1.01
Задачей	61983	6023	1	1	1.01
подвергся	61983	6023	1	1	1.01
наказанию	61983	6023	1	1	1.01
работнику	61983	6023	1	1	1.01
полицию	61983	6023	1	1	1.01
передается	61983	6023	1	1	1.01
соответствующим	61983	6023	1	1	1.01
полиция	61983	6023	1	1	1.01
занимающиеся	61983	6023	1	1	1.01
причиняет	61983	6023	1	1	1.01
психическому	61983	6023	1	1	1.01
добавил	61983	6023	1	1	1.01
соблюдения	61983	6023	1	1	1.01
проистекающих	61983	6023	1	1	1.01
общественный	61983	6023	1	1	1.01
принудительный	61983	6023	1	1	1.01
предусмотрены	61983	6023	1	1	1.01
пособиях	61983	6023	1	1	1.01
предлагаемых	61983	6023	1	1	1.01
волостной	61983	6023	1	1	1.01
управе	61983	6023	1	1	1.01
органам	61983	6023	1	1	1.01
предъявления	61983	6023	1	1	1.01
фактических	61983	6023	1	1	1.01
доказательств	61983	6023	1	1	1.01
регулярный	61983	6023	1	1	1.01
профилактическую	61983	6023	1	1	1.01
реабилитацией	61983	6023	1	1	1.01
лечебные	61983	6023	1	1	1.01
гарантируется	61983	6023	1	1	1.01
ЗМС	61983	6023	1	1	1.01
посещении	61983	6023	1	1	1.01
туалета	61983	6023	1	1	1.01
душевых	61983	6023	1	1	1.01
регистрируются	61983	6023	1	1	1.01
родившиеся	61983	6023	1	1	1.01
учет	61983	6023	1	1	1.01
международному	61983	6023	1	1	1.01
гражданами	61983	6023	1	1	1.01
усыновлять	61983	6023	1	1	1.01
удочерять	61983	6023	1	1	1.01
национальных	61983	6023	1	1	1.01
обучаться	61983	6023	1	1	1.01
родному	61983	6023	1	1	1.01
Незнание	61983	6023	1	1	1.01
государственного	61983	6023	1	1	1.01
сравнению	61983	6023	1	1	1.01
эстонцами	61983	6023	1	1	1.01
чьим	61983	6023	1	1	1.01
родным	61983	6023	1	1	1.01
Къелдсен	61983	6023	1	1	1.01
Буск	61983	6023	1	1	1.01
Мадсен	61983	6023	1	1	1.01
Педерсен	61983	6023	1	1	1.01
предоставляемое	61983	6023	1	1	1.01
объективным	61983	6023	1	1	1.01
критическим	61983	6023	1	1	1.01
плюралистическим	61983	6023	1	1	1.01
