token	corpus size	all contexts size	frequency	co-frequency	specificity
votre	13266	6168	135	110	16.48
Article	13266	6168	32	32	10.66
mois	13266	6168	74	59	8.47
P	13266	6168	20	20	6.66
details	13266	6168	28	25	5.62
découvre	13266	6168	27	24	5.34
Comment	13266	6168	22	20	4.84
Je	13266	6168	28	24	4.76
View	13266	6168	28	24	4.76
âge	13266	6168	27	23	4.50
tit	13266	6168	12	12	3.99
Votre	13266	6168	25	21	3.97
À	13266	6168	24	20	3.72
aider	13266	6168	14	13	3.45
dormir	13266	6168	9	9	2.99
sommeil	13266	6168	21	17	2.97
langage	13266	6168	26	20	2.92
Santé	13266	6168	12	11	2.85
nuits	13266	6168	15	13	2.85
ans	13266	6168	20	16	2.73
Lait	13266	6168	8	8	2.66
Diversification	13266	6168	8	8	2.66
sourit	13266	6168	8	8	2.66
tite	13266	6168	8	8	2.66
conseils	13266	6168	14	12	2.58
avec	13266	6168	80	49	2.57
de	13266	6168	647	326	2.39
est-ce	13266	6168	7	7	2.33
Alimentation	13266	6168	7	7	2.33
Biolane	13266	6168	7	7	2.33
du	13266	6168	135	76	2.30
parler	13266	6168	10	9	2.27
à	13266	6168	297	154	2.09
lecture	13266	6168	12	10	2.05
IMG	13266	6168	6	6	2.00
Recette	13266	6168	6	6	2.00
Actualités	13266	6168	6	6	2.00
Menu	13266	6168	6	6	2.00
Recettes	13266	6168	6	6	2.00
to	13266	6168	6	6	2.00
Conseils	13266	6168	6	6	2.00
socialisation	13266	6168	9	8	1.98
chambre	13266	6168	9	8	1.98
Le	13266	6168	60	36	1.94
sur	13266	6168	51	31	1.86
premiers	13266	6168	16	12	1.82
mon	13266	6168	11	9	1.80
quatre	13266	6168	11	9	1.80
autour	13266	6168	11	9	1.80
pour	13266	6168	120	65	1.76
tête	13266	6168	8	7	1.70
parle	13266	6168	8	7	1.70
Développement	13266	6168	8	7	1.70
les	13266	6168	261	132	1.69
beaucoup	13266	6168	13	10	1.69
comment	13266	6168	13	10	1.69
mins	13266	6168	13	10	1.69
social	13266	6168	13	10	1.69
quoi	13266	6168	5	5	1.66
Langage	13266	6168	5	5	1.66
Que	13266	6168	5	5	1.66
surveiller	13266	6168	5	5	1.66
apprentissage	13266	6168	15	11	1.61
développement	13266	6168	28	18	1.59
des	13266	6168	155	80	1.55
aux	13266	6168	36	22	1.54
sa	13266	6168	44	26	1.52
ses	13266	6168	63	35	1.45
Quand	13266	6168	7	6	1.42
jouer	13266	6168	7	6	1.42
émotionnel	13266	6168	7	6	1.42
faire	13266	6168	39	23	1.42
première	13266	6168	14	10	1.41
cet	13266	6168	14	10	1.41
que	13266	6168	116	60	1.41
couleur	13266	6168	4	4	1.33
sortie	13266	6168	4	4	1.33
Coca	13266	6168	4	4	1.33
endormi	13266	6168	4	4	1.33
possède	13266	6168	4	4	1.33
recherche	13266	6168	4	4	1.33
Chez	13266	6168	4	4	1.33
connaissances	13266	6168	4	4	1.33
langues	13266	6168	4	4	1.33
Age	13266	6168	4	4	1.33
Accouchement	13266	6168	4	4	1.33
préparation	13266	6168	4	4	1.33
Univers	13266	6168	4	4	1.33
Allaitement	13266	6168	4	4	1.33
Sevrage	13266	6168	4	4	1.33
Repas	13266	6168	4	4	1.33
menu	13266	6168	4	4	1.33
Engagés	13266	6168	4	4	1.33
important	13266	6168	4	4	1.33
doit-il	13266	6168	4	4	1.33
Exploration	13266	6168	4	4	1.33
Avant	13266	6168	4	4	1.33
Nidal	13266	6168	4	4	1.33
Lactés	13266	6168	4	4	1.33
Laitages	13266	6168	4	4	1.33
Céréale	13266	6168	4	4	1.33
Souper	13266	6168	4	4	1.33
Chambre	13266	6168	4	4	1.33
jeunes	13266	6168	9	7	1.32
son	13266	6168	72	38	1.28
vos	13266	6168	13	9	1.23
communiquer	13266	6168	13	9	1.23
enfant	13266	6168	35	20	1.21
chez	13266	6168	15	10	1.21
si	13266	6168	29	17	1.20
arrivée	13266	6168	6	5	1.16
signifie	13266	6168	6	5	1.16
montré	13266	6168	6	5	1.16
capables	13266	6168	6	5	1.16
plusieurs	13266	6168	6	5	1.16
apprendre	13266	6168	6	5	1.16
logo	13266	6168	6	5	1.16
nounou	13266	6168	6	5	1.16
garde	13266	6168	6	5	1.16
santé	13266	6168	8	6	1.09
six	13266	6168	8	6	1.09
quel	13266	6168	8	6	1.09
A	13266	6168	8	6	1.09
apprend	13266	6168	8	6	1.09
besoins	13266	6168	8	6	1.09
Découvrez	13266	6168	8	6	1.09
semaine	13266	6168	8	6	1.09
jeu	13266	6168	8	6	1.09
prénom	13266	6168	10	7	1.06
comprendre	13266	6168	10	7	1.06
fait	13266	6168	20	12	1.06
dans	13266	6168	84	39	1.06
Submit	13266	6168	18	11	1.06
parents	13266	6168	16	10	1.05
Dans	13266	6168	14	9	1.05
plus	13266	6168	76	36	1.04
Image	13266	6168	3	3	1.00
désigner	13266	6168	3	3	1.00
Guide	13266	6168	3	3	1.00
articles	13266	6168	3	3	1.00
donnés	13266	6168	3	3	1.00
mouvements	13266	6168	3	3	1.00
informations	13266	6168	3	3	1.00
oculométrie	13266	6168	3	3	1.00
information	13266	6168	3	3	1.00
semblent	13266	6168	3	3	1.00
Qu	13266	6168	3	3	1.00
vue	13266	6168	3	3	1.00
interaction	13266	6168	3	3	1.00
membre	13266	6168	3	3	1.00
difficile	13266	6168	3	3	1.00
pensent	13266	6168	3	3	1.00
réponses	13266	6168	3	3	1.00
simplement	13266	6168	3	3	1.00
adapté	13266	6168	3	3	1.00
Durant	13266	6168	3	3	1.00
Entre	13266	6168	3	3	1.00
encourager	13266	6168	3	3	1.00
compagnon	13266	6168	3	3	1.00
découvrez	13266	6168	3	3	1.00
apaiser	13266	6168	3	3	1.00
berceuses	13266	6168	3	3	1.00
éveiller	13266	6168	3	3	1.00
Evolution	13266	6168	3	3	1.00
Comprendre	13266	6168	3	3	1.00
jalons	13266	6168	3	3	1.00
manifester	13266	6168	3	3	1.00
Ma	13266	6168	3	3	1.00
Nourrir	13266	6168	3	3	1.00
parking	13266	6168	3	3	1.00
sexe	13266	6168	3	3	1.00
transforme	13266	6168	3	3	1.00
qui	13266	6168	54	25	0.96
Les	13266	6168	52	24	0.96
cerveau	13266	6168	19	11	0.95
attention	13266	6168	17	10	0.94
très	13266	6168	13	8	0.91
signes	13266	6168	13	8	0.91
peu	13266	6168	5	4	0.90
ceux	13266	6168	5	4	0.90
terme	13266	6168	5	4	0.90
Partager	13266	6168	5	4	0.90
lorsque	13266	6168	5	4	0.90
connectés	13266	6168	5	4	0.90
éveil	13266	6168	5	4	0.90
lance	13266	6168	5	4	0.90
ont	13266	6168	22	12	0.90
année	13266	6168	11	7	0.90
dès	13266	6168	11	7	0.90
pouvez	13266	6168	11	7	0.90
Nos	13266	6168	9	6	0.89
déjà	13266	6168	9	6	0.89
enfants	13266	6168	27	14	0.88
prénoms	13266	6168	7	5	0.88
écran	13266	6168	7	5	0.88
pleure	13266	6168	7	5	0.88
mode	13266	6168	7	5	0.88
peut	13266	6168	27	13	0.82
Si	13266	6168	14	8	0.81
mots	13266	6168	26	12	0.81
savoir	13266	6168	19	10	0.80
effet	13266	6168	12	7	0.79
petit	13266	6168	12	7	0.79
vie	13266	6168	20	10	0.78
La	13266	6168	21	10	0.77
grâce	13266	6168	10	6	0.76
pourquoi	13266	6168	10	6	0.76
bien	13266	6168	20	9	0.76
n	13266	6168	18	8	0.74
nouveaux	13266	6168	8	5	0.73
peur	13266	6168	8	5	0.73
lit	13266	6168	8	5	0.73
berceau	13266	6168	8	5	0.73
nous	13266	6168	16	8	0.72
encore	13266	6168	13	7	0.72
regard	13266	6168	16	7	0.71
rôle	13266	6168	6	4	0.70
capacités	13266	6168	6	4	0.70
permet	13266	6168	6	4	0.70
capable	13266	6168	6	4	0.70
avons	13266	6168	6	4	0.70
marques	13266	6168	6	4	0.70
quotidien	13266	6168	6	4	0.70
crèche	13266	6168	6	4	0.70
endormir	13266	6168	6	4	0.70
durée	13266	6168	6	4	0.70
intérêt	13266	6168	6	4	0.70
ils	13266	6168	15	7	0.69
chercheurs	13266	6168	14	6	0.69
deux	13266	6168	11	6	0.69
va	13266	6168	11	6	0.69
groupe	13266	6168	11	6	0.69
publicité	13266	6168	4	3	0.67
Quel	13266	6168	4	3	0.67
Accueil	13266	6168	4	3	0.67
suivre	13266	6168	4	3	0.67
tâches	13266	6168	4	3	0.67
quelle	13266	6168	4	3	0.67
distance	13266	6168	4	3	0.67
parce	13266	6168	4	3	0.67
trop	13266	6168	4	3	0.67
Et	13266	6168	4	3	0.67
comportement	13266	6168	4	3	0.67
soir	13266	6168	4	3	0.67
Éveil	13266	6168	4	3	0.67
exprimera	13266	6168	4	3	0.67
niveaux	13266	6168	4	3	0.67
an	13266	6168	4	3	0.67
grandes	13266	6168	4	3	0.67
étapes	13266	6168	4	3	0.67
Bosch	13266	6168	4	3	0.67
bain	13266	6168	2	2	0.67
amoureux	13266	6168	2	2	0.67
top	13266	6168	2	2	0.67
nés	13266	6168	2	2	0.67
comprennent	13266	6168	2	2	0.67
mystère	13266	6168	2	2	0.67
charge	13266	6168	2	2	0.67
Vidéo	13266	6168	2	2	0.67
lumière	13266	6168	2	2	0.67
brique	13266	6168	2	2	0.67
fonctionner	13266	6168	2	2	0.67
proposées	13266	6168	2	2	0.67
signaux	13266	6168	2	2	0.67
définition	13266	6168	2	2	0.67
bracelets	13266	6168	2	2	0.67
placés	13266	6168	2	2	0.67
poignet	13266	6168	2	2	0.67
contrôle	13266	6168	2	2	0.67
clown	13266	6168	2	2	0.67
aucun	13266	6168	2	2	0.67
notion	13266	6168	2	2	0.67
testés	13266	6168	2	2	0.67
bases	13266	6168	2	2	0.67
Véronique	13266	6168	2	2	0.67
Izard	13266	6168	2	2	0.67
issue	13266	6168	2	2	0.67
participation	13266	6168	2	2	0.67
remettre	13266	6168	2	2	0.67
certificat	13266	6168	2	2	0.67
honneur	13266	6168	2	2	0.67
cognition	13266	6168	2	2	0.67
formidables	13266	6168	2	2	0.67
reconnaitre	13266	6168	2	2	0.67
savent	13266	6168	2	2	0.67
travaux	13266	6168	2	2	0.67
prennent	13266	6168	2	2	0.67
laquelle	13266	6168	2	2	0.67
grammaire	13266	6168	2	2	0.67
mini-langue	13266	6168	2	2	0.67
groupes	13266	6168	2	2	0.67
individuels	13266	6168	2	2	0.67
participant	13266	6168	2	2	0.67
Email	13266	6168	2	2	0.67
Téléphone	13266	6168	2	2	0.67
alimentaire	13266	6168	2	2	0.67
régaler	13266	6168	2	2	0.67
déjeuner	13266	6168	2	2	0.67
dîner	13266	6168	2	2	0.67
accompagner	13266	6168	2	2	0.67
nutritionnel	13266	6168	2	2	0.67
gammes	13266	6168	2	2	0.67
pensés	13266	6168	2	2	0.67
blue	13266	6168	2	2	0.67
alimentation	13266	6168	2	2	0.67
You	13266	6168	2	2	0.67
need	13266	6168	2	2	0.67
login	13266	6168	2	2	0.67
register	13266	6168	2	2	0.67
add	13266	6168	2	2	0.67
your	13266	6168	2	2	0.67
partage	13266	6168	2	2	0.67
sociable	13266	6168	2	2	0.67
choix	13266	6168	2	2	0.67
sociabiliser	13266	6168	2	2	0.67
fait-il	13266	6168	2	2	0.67
dodo	13266	6168	2	2	0.67
solo	13266	6168	2	2	0.67
principal	13266	6168	2	2	0.67
Crèche	13266	6168	2	2	0.67
ptit-souper-berceuse	13266	6168	2	2	0.67
astuces	13266	6168	2	2	0.67
angoisses	13266	6168	2	2	0.67
gérer	13266	6168	2	2	0.67
ptit-souper-bebe-fait-ses-nuits	13266	6168	2	2	0.67
Voici	13266	6168	2	2	0.67
questions	13266	6168	2	2	0.67
gesticulations	13266	6168	2	2	0.67
Apprenez	13266	6168	2	2	0.67
Sommeil	13266	6168	2	2	0.67
intervient	13266	6168	2	2	0.67
Face	13266	6168	2	2	0.67
reconnaître	13266	6168	2	2	0.67
Garde	13266	6168	2	2	0.67
choisir	13266	6168	2	2	0.67
jpg	13266	6168	2	2	0.67
coucher	13266	6168	2	2	0.67
Laits	13266	6168	2	2	0.67
infantiles	13266	6168	2	2	0.67
Céréales	13266	6168	2	2	0.67
Petits	13266	6168	2	2	0.67
plats	13266	6168	2	2	0.67
Plats	13266	6168	2	2	0.67
Biscuit	13266	6168	2	2	0.67
Logo	13266	6168	2	2	0.67
biscuit	13266	6168	2	2	0.67
Plan	13266	6168	2	2	0.67
infantile	13266	6168	2	2	0.67
Biberon	13266	6168	2	2	0.67
Fruits	13266	6168	2	2	0.67
légumes	13266	6168	2	2	0.67
Premières	13266	6168	2	2	0.67
Pleurs	13266	6168	2	2	0.67
Education	13266	6168	2	2	0.67
Prendre	13266	6168	2	2	0.67
Troubles	13266	6168	2	2	0.67
digestifs	13266	6168	2	2	0.67
Tutos	13266	6168	2	2	0.67
Outils	13266	6168	2	2	0.67
All	13266	6168	2	2	0.67
trademarks	13266	6168	2	2	0.67
are	13266	6168	2	2	0.67
owned	13266	6168	2	2	0.67
by	13266	6168	2	2	0.67
Vidéos	13266	6168	2	2	0.67
Dis-moi	13266	6168	2	2	0.67
Périodes	13266	6168	2	2	0.67
sensibles	13266	6168	2	2	0.67
Montessori	13266	6168	2	2	0.67
Arts	13266	6168	2	2	0.67
créativité	13266	6168	2	2	0.67
PODCAST	13266	6168	2	2	0.67
Éveillons-nous	13266	6168	2	2	0.67
Aménagement	13266	6168	2	2	0.67
Lieu	13266	6168	2	2	0.67
accueil	13266	6168	2	2	0.67
parentale	13266	6168	2	2	0.67
Du	13266	6168	2	2	0.67
passera	13266	6168	2	2	0.67
sociaux	13266	6168	2	2	0.67
deviendra	13266	6168	2	2	0.67
conversations	13266	6168	2	2	0.67
manifestera	13266	6168	2	2	0.67
prêtez	13266	6168	2	2	0.67
état	13266	6168	2	2	0.67
parlant	13266	6168	2	2	0.67
jouez	13266	6168	2	2	0.67
hyperémotif	13266	6168	2	2	0.67
exprimez	13266	6168	2	2	0.67
ensemble	13266	6168	2	2	0.67
importante	13266	6168	2	2	0.67
probable	13266	6168	2	2	0.67
éprouvera	13266	6168	2	2	0.67
autonome	13266	6168	2	2	0.67
nombreux	13266	6168	2	2	0.67
nourrice	13266	6168	2	2	0.67
heures	13266	6168	2	2	0.67
gardé	13266	6168	2	2	0.67
solitaire	13266	6168	2	2	0.67
Parler	13266	6168	2	2	0.67
Vacances	13266	6168	2	2	0.67
déplacer	13266	6168	2	2	0.67
soulager	13266	6168	2	2	0.67
Prêt	13266	6168	2	2	0.67
Idées	13266	6168	2	2	0.67
Adolescents	13266	6168	2	2	0.67
Bien-être	13266	6168	2	2	0.67
mental	13266	6168	2	2	0.67
Décryptage	13266	6168	2	2	0.67
problèmes	13266	6168	2	2	0.67
courants	13266	6168	2	2	0.67
pattes	13266	6168	2	2	0.67
doigt	13266	6168	2	2	0.67
Page	13266	6168	2	2	0.67
cérébral	13266	6168	2	2	0.67
Quelle	13266	6168	2	2	0.67
accouche	13266	6168	2	2	0.67
McDo	13266	6168	2	2	0.67
surnomme	13266	6168	2	2	0.67
spécialiste	13266	6168	2	2	0.67
toilette	13266	6168	2	2	0.67
Havea	13266	6168	2	2	0.67
dévoile	13266	6168	2	2	0.67
ABONNER	13266	6168	2	2	0.67
délivre	13266	6168	2	2	0.67
consultables	13266	6168	2	2	0.67
spécialement	13266	6168	2	2	0.67
développée	13266	6168	2	2	0.67
entre	13266	6168	13	6	0.66
émotions	13266	6168	13	6	0.66
pleurs	13266	6168	12	6	0.66
avant	13266	6168	9	5	0.65
car	13266	6168	9	5	0.65
famille	13266	6168	9	5	0.65
sera	13266	6168	9	5	0.65
Nestlé	13266	6168	11	5	0.63
lorsqu	13266	6168	11	5	0.63
mesure	13266	6168	10	5	0.62
Par	13266	6168	10	5	0.62
naissance	13266	6168	10	5	0.62
produits	13266	6168	7	4	0.60
petite	13266	6168	7	4	0.60
scientifiques	13266	6168	7	4	0.60
années	13266	6168	7	4	0.60
sait	13266	6168	7	4	0.60
façon	13266	6168	7	4	0.60
soit	13266	6168	7	4	0.60
jeux	13266	6168	7	4	0.60
avoir	13266	6168	7	4	0.60
commencer	13266	6168	7	4	0.60
société	13266	6168	9	4	0.59
premier	13266	6168	9	4	0.59
De	13266	6168	9	4	0.59
Un	13266	6168	9	4	0.59
durant	13266	6168	8	4	0.57
points	13266	6168	8	4	0.57
dont	13266	6168	8	4	0.57
était	13266	6168	8	4	0.57
jour	13266	6168	8	4	0.57
ainsi	13266	6168	5	3	0.54
soin	13266	6168	5	3	0.54
site	13266	6168	5	3	0.54
entourent	13266	6168	5	3	0.54
rapport	13266	6168	5	3	0.54
voir	13266	6168	5	3	0.54
apprennent	13266	6168	5	3	0.54
côté	13266	6168	5	3	0.54
voit	13266	6168	5	3	0.54
produit	13266	6168	5	3	0.54
laisse	13266	6168	5	3	0.54
tout-petit	13266	6168	5	3	0.54
né	13266	6168	5	3	0.54
commence	13266	6168	5	3	0.54
mieux	13266	6168	5	3	0.54
vraiment	13266	6168	5	3	0.54
puériculture	13266	6168	5	3	0.54
après	13266	6168	7	3	0.54
Ce	13266	6168	7	3	0.54
part	13266	6168	7	3	0.54
peuvent	13266	6168	7	3	0.54
point	13266	6168	7	3	0.54
sourires	13266	6168	7	3	0.54
expressions	13266	6168	7	3	0.54
travers	13266	6168	6	3	0.51
parfois	13266	6168	6	3	0.51
porte	13266	6168	6	3	0.51
Des	13266	6168	6	3	0.51
montre	13266	6168	6	3	0.51
exercice	13266	6168	6	3	0.51
environnement	13266	6168	6	3	0.51
fur	13266	6168	6	3	0.51
grandit	13266	6168	6	3	0.51
jusqu	13266	6168	6	3	0.51
nuit	13266	6168	6	3	0.51
anxiété	13266	6168	6	3	0.51
sans	13266	6168	6	3	0.51
comédie	13266	6168	6	3	0.51
musicale	13266	6168	6	3	0.51
veut	13266	6168	5	2	0.48
toujours	13266	6168	5	2	0.48
Pendant	13266	6168	5	2	0.48
images	13266	6168	5	2	0.48
article	13266	6168	5	2	0.48
Cela	13266	6168	5	2	0.48
grossesse	13266	6168	5	2	0.48
bout	13266	6168	5	2	0.48
plein	13266	6168	5	2	0.48
lors	13266	6168	5	2	0.48
occasion	13266	6168	5	2	0.48
près	13266	6168	5	2	0.48
vite	13266	6168	5	2	0.48
voix	13266	6168	5	2	0.48
Ainsi	13266	6168	5	2	0.48
minutes	13266	6168	5	2	0.48
représentent	13266	6168	5	2	0.48
inconnus	13266	6168	5	2	0.48
vivre	13266	6168	5	2	0.48
Chaque	13266	6168	5	2	0.48
faciales	13266	6168	5	2	0.48
trois	13266	6168	5	2	0.48
colère	13266	6168	5	2	0.48
développe	13266	6168	5	2	0.48
Soins	13266	6168	5	2	0.48
Une	13266	6168	5	2	0.48
marché	13266	6168	3	2	0.46
utilisé	13266	6168	3	2	0.46
professionnels	13266	6168	3	2	0.46
gros	13266	6168	3	2	0.46
eux	13266	6168	3	2	0.46
Petit	13266	6168	3	2	0.46
observer	13266	6168	3	2	0.46
intéressé	13266	6168	3	2	0.46
peut-être	13266	6168	3	2	0.46
ici	13266	6168	3	2	0.46
Articles	13266	6168	3	2	0.46
expérience	13266	6168	3	2	0.46
exercices	13266	6168	3	2	0.46
LPP	13266	6168	3	2	0.46
commencent	13266	6168	3	2	0.46
phrase	13266	6168	3	2	0.46
Grâce	13266	6168	3	2	0.46
tôt	13266	6168	3	2	0.46
raconte	13266	6168	3	2	0.46
fin	13266	6168	3	2	0.46
mère	13266	6168	3	2	0.46
particulièrement	13266	6168	3	2	0.46
penser	13266	6168	3	2	0.46
trouvez	13266	6168	3	2	0.46
Vers	13266	6168	3	2	0.46
Maman	13266	6168	3	2	0.46
arrive	13266	6168	3	2	0.46
regards	13266	6168	3	2	0.46
parmi	13266	6168	3	2	0.46
heure	13266	6168	3	2	0.46
réveille	13266	6168	3	2	0.46
activités	13266	6168	3	2	0.46
souvent	13266	6168	3	2	0.46
davantage	13266	6168	3	2	0.46
Après	13266	6168	3	2	0.46
passent	13266	6168	3	2	0.46
compte	13266	6168	3	2	0.46
laisser	13266	6168	3	2	0.46
sent	13266	6168	3	2	0.46
exprime	13266	6168	3	2	0.46
cinquième	13266	6168	3	2	0.46
étrangers	13266	6168	3	2	0.46
calmer	13266	6168	3	2	0.46
pourra	13266	6168	3	2	0.46
présence	13266	6168	3	2	0.46
devez	13266	6168	3	2	0.46
grande	13266	6168	3	2	0.46
Sans	13266	6168	3	2	0.46
avez	13266	6168	3	2	0.46
école	13266	6168	3	2	0.46
aime	13266	6168	3	2	0.46
interagir	13266	6168	3	2	0.46
idées	13266	6168	3	2	0.46
stimuler	13266	6168	3	2	0.46
maman	13266	6168	3	2	0.46
soins	13266	6168	3	2	0.46
hygiène	13266	6168	3	2	0.46
Vincent	13266	6168	3	2	0.46
Cassel	13266	6168	3	2	0.46
Rise	13266	6168	3	2	0.46
version	13266	6168	3	2	0.46
fort	13266	6168	4	2	0.43
image	13266	6168	4	2	0.43
devant	13266	6168	4	2	0.43
savons	13266	6168	4	2	0.43
amour	13266	6168	4	2	0.43
faut	13266	6168	4	2	0.43
lien	13266	6168	4	2	0.43
longtemps	13266	6168	4	2	0.43
Photothèque	13266	6168	4	2	0.43
connaît	13266	6168	4	2	0.43
maths	13266	6168	4	2	0.43
intéresse	13266	6168	4	2	0.43
facile	13266	6168	4	2	0.43
imagerie	13266	6168	4	2	0.43
organisée	13266	6168	4	2	0.43
Institut	13266	6168	4	2	0.43
Pasteur	13266	6168	4	2	0.43
conscience	13266	6168	4	2	0.43
Nous	13266	6168	4	2	0.43
contenu	13266	6168	4	2	0.43
Produits	13266	6168	4	2	0.43
répondre	13266	6168	4	2	0.43
Socialisation	13266	6168	4	2	0.43
or	13266	6168	4	2	0.43
règles	13266	6168	4	2	0.43
moment	13266	6168	4	2	0.43
séparation	13266	6168	4	2	0.43
papa	13266	6168	4	2	0.43
autant	13266	6168	4	2	0.43
Grossesse	13266	6168	4	2	0.43
niveau	13266	6168	4	2	0.43
Même	13266	6168	4	2	0.43
activité	13266	6168	4	2	0.43
moyen	13266	6168	4	2	0.43
environ	13266	6168	4	2	0.43
sourire	13266	6168	4	2	0.43
Lorsque	13266	6168	4	2	0.43
esprit	13266	6168	4	2	0.43
essayez	13266	6168	4	2	0.43
long	13266	6168	4	2	0.43
ressentir	13266	6168	4	2	0.43
Certains	13266	6168	4	2	0.43
maintenant	13266	6168	4	2	0.43
attentifs	13266	6168	4	2	0.43
Back	13266	6168	4	2	0.43
présent	13266	6168	4	2	0.43
Son	13266	6168	4	2	0.43
tas	13266	6168	4	2	0.43
application	13266	6168	4	2	0.43
française	13266	6168	4	2	0.43
coin	13266	6168	4	2	0.43
concept	13266	6168	3	1	0.40
retrouve	13266	6168	3	1	0.40
haut	13266	6168	3	1	0.40
avril	13266	6168	3	1	0.40
appelle	13266	6168	3	1	0.40
enfance	13266	6168	3	1	0.40
problème	13266	6168	3	1	0.40
cœur	13266	6168	3	1	0.40
Elle	13266	6168	3	1	0.40
ville	13266	6168	3	1	0.40
jamais	13266	6168	3	1	0.40
pupille	13266	6168	3	1	0.40
regarde	13266	6168	3	1	0.40
repérer	13266	6168	3	1	0.40
situation	13266	6168	3	1	0.40
présentent	13266	6168	3	1	0.40
résultat	13266	6168	3	1	0.40
significatif	13266	6168	3	1	0.40
différent	13266	6168	3	1	0.40
chercheuse	13266	6168	3	1	0.40
grands	13266	6168	3	1	0.40
nombres	13266	6168	3	1	0.40
revanche	13266	6168	3	1	0.40
incapable	13266	6168	3	1	0.40
humain	13266	6168	3	1	0.40
progressivement	13266	6168	3	1	0.40
active	13266	6168	3	1	0.40
petits	13266	6168	3	1	0.40
organisation	13266	6168	3	1	0.40
cognitif	13266	6168	3	1	0.40
nourrissons	13266	6168	3	1	0.40
âgés	13266	6168	3	1	0.40
fonction	13266	6168	3	1	0.40
responsable	13266	6168	3	1	0.40
prononcé	13266	6168	3	1	0.40
sonore	13266	6168	3	1	0.40
phrases	13266	6168	3	1	0.40
artificielle	13266	6168	3	1	0.40
préférence	13266	6168	3	1	0.40
cercle	13266	6168	3	1	0.40
sociale	13266	6168	3	1	0.40
bon	13266	6168	3	1	0.40
utiliser	13266	6168	3	1	0.40
proche	13266	6168	3	1	0.40
réceptif	13266	6168	3	1	0.40
pleurer	13266	6168	3	1	0.40
joie	13266	6168	3	1	0.40
reproduire	13266	6168	3	1	0.40
regarder	13266	6168	3	1	0.40
devraient	13266	6168	3	1	0.40
réagir	13266	6168	3	1	0.40
façons	13266	6168	3	1	0.40
détresse	13266	6168	3	1	0.40
surprise	13266	6168	3	1	0.40
huit	13266	6168	3	1	0.40
seulement	13266	6168	3	1	0.40
sain	13266	6168	3	1	0.40
prononce	13266	6168	3	1	0.40
oubliez	13266	6168	3	1	0.40
mettre	13266	6168	3	1	0.40
habituer	13266	6168	3	1	0.40
là	13266	6168	3	1	0.40
partir	13266	6168	3	1	0.40
place	13266	6168	3	1	0.40
timide	13266	6168	3	1	0.40
répond	13266	6168	3	1	0.40
mains	13266	6168	3	1	0.40
adultes	13266	6168	3	1	0.40
consultez	13266	6168	3	1	0.40
enceinte	13266	6168	3	1	0.40
femme	13266	6168	3	1	0.40
trouver	13266	6168	3	1	0.40
Houseman	13266	6168	3	1	0.40
chercheur	13266	6168	3	1	0.40
transat	13266	6168	3	1	0.40
connecté	13266	6168	3	1	0.40
actrice	13266	6168	3	1	0.40
adopte	13266	6168	1	1	0.33
marketing	13266	6168	1	1	0.33
reposant	13266	6168	1	1	0.33
recours	13266	6168	1	1	0.33
intensive	13266	6168	1	1	0.33
utilisant	13266	6168	1	1	0.33
assis	13266	6168	1	1	0.33
drap	13266	6168	1	1	0.33
critiques	13266	6168	1	1	0.33
omniprésence	13266	6168	1	1	0.33
affiches	13266	6168	1	1	0.33
particulier	13266	6168	1	1	0.33
Alors	13266	6168	1	1	0.33
Croix-Rouge	13266	6168	1	1	0.33
revendications	13266	6168	1	1	0.33
Marseille	13266	6168	1	1	0.33
différenciés	13266	6168	1	1	0.33
perdent	13266	6168	1	1	0.33
affiche	13266	6168	1	1	0.33
mise	13266	6168	1	1	0.33
gel	13266	6168	1	1	0.33
douche	13266	6168	1	1	0.33
organise	13266	6168	1	1	0.33
publicitaire	13266	6168	1	1	0.33
émules	13266	6168	1	1	0.33
Donge	13266	6168	1	1	0.33
Récal	13266	6168	1	1	0.33
Blédine	13266	6168	1	1	0.33
réf	13266	6168	1	1	0.33
Victor	13266	6168	1	1	0.33
Battaggion	13266	6168	1	1	0.33
jeté	13266	6168	1	1	0.33
eau	13266	6168	1	1	0.33
Historia	13266	6168	1	1	0.33
cadum	13266	6168	1	1	0.33
siècle	13266	6168	1	1	0.33
internet	13266	6168	1	1	0.33
Wlassikoff	13266	6168	1	1	0.33
Jean-Pierre	13266	6168	1	1	0.33
Bodeux	13266	6168	1	1	0.33
Fabuleuse	13266	6168	1	1	0.33
exemplaire	13266	6168	1	1	0.33
symbole	13266	6168	1	1	0.33
demi-siècle	13266	6168	1	1	0.33
Alternatives	13266	6168	1	1	0.33
ISBN	13266	6168	1	1	0.33
Daronne	13266	6168	1	1	0.33
assez	13266	6168	1	1	0.33
reconnu	13266	6168	1	1	0.33
phénomène	13266	6168	1	1	0.33
surconsommation	13266	6168	1	1	0.33
sucre	13266	6168	1	1	0.33
sol	13266	6168	1	1	0.33
femina	13266	6168	1	1	0.33
fr	13266	6168	1	1	0.33
populaire	13266	6168	1	1	0.33
cote	13266	6168	1	1	0.33
chat	13266	6168	1	1	0.33
Loulou	13266	6168	1	1	0.33
Chouchou	13266	6168	1	1	0.33
figurent	13266	6168	1	1	0.33
dernières	13266	6168	1	1	0.33
positions	13266	6168	1	1	0.33
ado	13266	6168	1	1	0.33
affectueux	13266	6168	1	1	0.33
violemment	13266	6168	1	1	0.33
critiquer	13266	6168	1	1	0.33
Valider	13266	6168	1	1	0.33
abonner	13266	6168	1	1	0.33
Derniers	13266	6168	1	1	0.33
Eure	13266	6168	1	1	0.33
feu	13266	6168	1	1	0.33
FranceCes	13266	6168	1	1	0.33
originaux	13266	6168	1	1	0.33
excentriques	13266	6168	1	1	0.33
Nevers	13266	6168	1	1	0.33
Sciences	13266	6168	1	1	0.33
catégoriser	13266	6168	1	1	0.33
PHOTOGRAPHIE	13266	6168	1	1	0.33
Eric	13266	6168	1	1	0.33
Roux	13266	6168	1	1	0.33
recèle	13266	6168	1	1	0.33
comprend-il	13266	6168	1	1	0.33
observaient	13266	6168	1	1	0.33
enregistraient	13266	6168	1	1	0.33
similaires	13266	6168	1	1	0.33
luminosité	13266	6168	1	1	0.33
donnent	13266	6168	1	1	0.33
poids	13266	6168	1	1	0.33
genre	13266	6168	1	1	0.33
attellent	13266	6168	1	1	0.33
dessous	13266	6168	1	1	0.33
pensée	13266	6168	1	1	0.33
riche	13266	6168	1	1	0.33
dévoiler	13266	6168	1	1	0.33
poursuivre	13266	6168	1	1	0.33
recherches	13266	6168	1	1	0.33
basés	13266	6168	1	1	0.33
Lyon	13266	6168	1	1	0.33
Dossier	13266	6168	1	1	0.33
inégalités	13266	6168	1	1	0.33
prise	13266	6168	1	1	0.33
AVC	13266	6168	1	1	0.33
Tête	13266	6168	1	1	0.33
Vivant	13266	6168	1	1	0.33
Sociétés	13266	6168	1	1	0.33
eyetracking	13266	6168	1	1	0.33
mettent	13266	6168	1	1	0.33
surprenantes	13266	6168	1	1	0.33
imaginé	13266	6168	1	1	0.33
justement	13266	6168	1	1	0.33
Ici	13266	6168	1	1	0.33
mille	13266	6168	1	1	0.33
viennent	13266	6168	1	1	0.33
pensé	13266	6168	1	1	0.33
apprenait	13266	6168	1	1	0.33
progressive	13266	6168	1	1	0.33
surpris	13266	6168	1	1	0.33
rares	13266	6168	1	1	0.33
emploient	13266	6168	1	1	0.33
déduire	13266	6168	1	1	0.33
rencontre	13266	6168	1	1	0.33
indirects	13266	6168	1	1	0.33
signe	13266	6168	1	1	0.33
redoublée	13266	6168	1	1	0.33
agrandit	13266	6168	1	1	0.33
concentre	13266	6168	1	1	0.33
détermine	13266	6168	1	1	0.33
précieuse	13266	6168	1	1	0.33
notamment	13266	6168	1	1	0.33
anticipe	13266	6168	1	1	0.33
identiques	13266	6168	1	1	0.33
gauche	13266	6168	1	1	0.33
manipuler	13266	6168	1	1	0.33
avancent	13266	6168	1	1	0.33
découvrent	13266	6168	1	1	0.33
richesse	13266	6168	1	1	0.33
mathématiques	13266	6168	1	1	0.33
relativement	13266	6168	1	1	0.33
solides	13266	6168	1	1	0.33
Autre	13266	6168	1	1	0.33
bluffant	13266	6168	1	1	0.33
incapables	13266	6168	1	1	0.33
abordée	13266	6168	1	1	0.33
cruciale	13266	6168	1	1	0.33
désintéressera	13266	6168	1	1	0.33
ni	13266	6168	1	1	0.33
compliqué	13266	6168	1	1	0.33
offrant	13266	6168	1	1	0.33
inédit	13266	6168	1	1	0.33
acquérir	13266	6168	1	1	0.33
observons	13266	6168	1	1	0.33
connexions	13266	6168	1	1	0.33
faisaient	13266	6168	1	1	0.33
prématurés	13266	6168	1	1	0.33
dispositifs	13266	6168	1	1	0.33
diodes	13266	6168	1	1	0.33
posées	13266	6168	1	1	0.33
envoient	13266	6168	1	1	0.33
crâne	13266	6168	1	1	0.33
survie	13266	6168	1	1	0.33
niche	13266	6168	1	1	0.33
écologique	13266	6168	1	1	0.33
oies	13266	6168	1	1	0.33
capter	13266	6168	1	1	0.33
enfin	13266	6168	1	1	0.33
galoper	13266	6168	1	1	0.33
avancer	13266	6168	1	1	0.33
Blog	13266	6168	1	1	0.33
papas	13266	6168	1	1	0.33
Auteur	13266	6168	1	1	0.33
Mots-clés	13266	6168	1	1	0.33
rechercheActualitésSemaine	13266	6168	1	1	0.33
Toutes	13266	6168	1	1	0.33
actualités	13266	6168	1	1	0.33
Femme	13266	6168	1	1	0.33
Niger	13266	6168	1	1	0.33
photographiés	13266	6168	1	1	0.33
mission	13266	6168	1	1	0.33
Cermes	13266	6168	1	1	0.33
Pourrions-nous	13266	6168	1	1	0.33
douter	13266	6168	1	1	0.33
naitre	13266	6168	1	1	0.33
sait-on	13266	6168	1	1	0.33
croit-on	13266	6168	1	1	0.33
pensent-ils	13266	6168	1	1	0.33
perçoivent-ils	13266	6168	1	1	0.33
aimeraient-ils	13266	6168	1	1	0.33
ressentent	13266	6168	1	1	0.33
quelles	13266	6168	1	1	0.33
Table	13266	6168	1	1	0.33
intérieure	13266	6168	1	1	0.33
secrète	13266	6168	1	1	0.33
multipliés	13266	6168	1	1	0.33
modifiant	13266	6168	1	1	0.33
avions	13266	6168	1	1	0.33
dénombrent	13266	6168	1	1	0.33
petites	13266	6168	1	1	0.33
quantités	13266	6168	1	1	0.33
apportées	13266	6168	1	1	0.33
olfactives	13266	6168	1	1	0.33
enclins	13266	6168	1	1	0.33
créant	13266	6168	1	1	0.33
précoce	13266	6168	1	1	0.33
traitement	13266	6168	1	1	0.33
immature	13266	6168	1	1	0.33
restent	13266	6168	1	1	0.33
population	13266	6168	1	1	0.33
différencier	13266	6168	1	1	0.33
Contrairement	13266	6168	1	1	0.33
tonalité	13266	6168	1	1	0.33
déterminer	13266	6168	1	1	0.33
conséquent	13266	6168	1	1	0.33
exercer	13266	6168	1	1	0.33
association	13266	6168	1	1	0.33
Med	13266	6168	1	1	0.33
Sci	13266	6168	1	1	0.33
intégré	13266	6168	1	1	0.33
paradigme	13266	6168	1	1	0.33
précédemment	13266	6168	1	1	0.33
écoutaient	13266	6168	1	1	0.33
flux	13266	6168	1	1	0.33
impossible	13266	6168	1	1	0.33
familiarisés	13266	6168	1	1	0.33
Figure	13266	6168	1	1	0.33
présenté	13266	6168	1	1	0.33
courtes	13266	6168	1	1	0.33
longs	13266	6168	1	1	0.33
francophones	13266	6168	1	1	0.33
texte	13266	6168	1	1	0.33
Copains	13266	6168	1	1	0.33
Famille	13266	6168	1	1	0.33
Étranges	13266	6168	1	1	0.33
Inconnus	13266	6168	1	1	0.33
étranges	13266	6168	1	1	0.33
socialise	13266	6168	1	1	0.33
frères	13266	6168	1	1	0.33
sœurs	13266	6168	1	1	0.33
joueront	13266	6168	1	1	0.33
puisqu	13266	6168	1	1	0.33
provoquent	13266	6168	1	1	0.33
parc	13266	6168	1	1	0.33
relations	13266	6168	1	1	0.33
Afin	13266	6168	1	1	0.33
montrez	13266	6168	1	1	0.33
oubliant	13266	6168	1	1	0.33
initier	13266	6168	1	1	0.33
CE	13266	6168	1	1	0.33
QU	13266	6168	1	1	0.33
IL	13266	6168	1	1	0.33
FAUT	13266	6168	1	1	0.33
RETENIR	13266	6168	1	1	0.33
néanmoins	13266	6168	1	1	0.33
amis	13266	6168	1	1	0.33
Calmer	13266	6168	1	1	0.33
coliques	13266	6168	1	1	0.33
comment-gerer-le-sommeil-de-bebe-de-	13266	6168	1	1	0.33
-mois	13266	6168	1	1	0.33
musique	13266	6168	1	1	0.33
comptines	13266	6168	1	1	0.33
Garder	13266	6168	1	1	0.33
neurologique	13266	6168	1	1	0.33
régulier	13266	6168	1	1	0.33
duo	13266	6168	1	1	0.33
contribuer	13266	6168	1	1	0.33
favoriser	13266	6168	1	1	0.33
mettant	13266	6168	1	1	0.33
pratique	13266	6168	1	1	0.33
Réconforter	13266	6168	1	1	0.33
Tout-petits	13266	6168	1	1	0.33
Âge	13266	6168	1	1	0.33
préscolaire	13266	6168	1	1	0.33
Tamil	13266	6168	1	1	0.33
personnel	13266	6168	1	1	0.33
SickKids	13266	6168	1	1	0.33
Close	13266	6168	1	1	0.33
Apprenez-en	13266	6168	1	1	0.33
rapide	13266	6168	1	1	0.33
vivacité	13266	6168	1	1	0.33
retenir	13266	6168	1	1	0.33
atteignent	13266	6168	1	1	0.33
porteront	13266	6168	1	1	0.33
changements	13266	6168	1	1	0.33
somnolent	13266	6168	1	1	0.33
bientôt	13266	6168	1	1	0.33
verrez	13266	6168	1	1	0.33
atteindre	13266	6168	1	1	0.33
