token	corpus size	all contexts size	frequency	co-frequency	specificity
bébé	122273	10839	691	301	129.75
votre	122273	10839	429	132	37.45
mois	122273	10839	255	96	35.49
découvre	122273	10839	38	27	19.79
details	122273	10839	38	27	19.79
âge	122273	10839	154	52	17.26
View	122273	10839	42	26	16.79
Diversification	122273	10839	20	18	16.75
Bébé	122273	10839	177	54	15.72
quel	122273	10839	39	23	14.28
mins	122273	10839	40	23	13.95
Comment	122273	10839	102	36	12.88
nuits	122273	10839	17	14	12.02
Votre	122273	10839	49	23	11.49
peut-on	122273	10839	14	12	10.75
lecture	122273	10839	77	28	10.56
À	122273	10839	113	34	10.05
P	122273	10839	51	20	8.41
faire	122273	10839	169	40	8.29
avec	122273	10839	439	76	8.09
pour	122273	10839	921	133	8.06
sommeil	122273	10839	76	24	7.78
dormir	122273	10839	21	12	7.52
Lait	122273	10839	9	8	7.51
sourit	122273	10839	9	8	7.51
aider	122273	10839	42	17	7.50
son	122273	10839	391	68	7.42
Biolane	122273	10839	10	8	6.85
Pourquoi	122273	10839	25	12	6.44
pleure	122273	10839	21	11	6.43
font-ils	122273	10839	11	8	6.32
nordiques	122273	10839	6	6	6.31
langage	122273	10839	96	25	6.30
Je	122273	10839	122	29	6.29
chambre	122273	10839	18	10	6.21
Parents	122273	10839	22	11	6.17
conseils	122273	10839	62	19	6.10
que	122273	10839	640	93	6.09
ses	122273	10839	259	47	5.94
quelle	122273	10839	19	10	5.92
Alimentation	122273	10839	58	18	5.90
Chambre	122273	10839	9	7	5.89
pleurs	122273	10839	76	21	5.86
tit	122273	10839	28	12	5.79
laisser	122273	10839	16	9	5.70
comment	122273	10839	60	18	5.67
de	122273	10839	5296	557	5.60
Accouchement	122273	10839	13	8	5.51
bain	122273	10839	7	6	5.51
communiquer	122273	10839	17	9	5.41
éveil	122273	10839	14	8	5.18
Sommeil	122273	10839	11	7	5.01
Envie	122273	10839	8	6	4.95
quatre	122273	10839	20	9	4.69
surveiller	122273	10839	12	7	4.67
tite	122273	10839	16	8	4.63
Eveil	122273	10839	6	5	4.52
malentendu	122273	10839	6	5	4.52
infantiles	122273	10839	9	6	4.51
sieste	122273	10839	13	7	4.37
naissance	122273	10839	55	15	4.32
attention	122273	10839	44	13	4.22
endormi	122273	10839	4	4	4.21
Engagés	122273	10839	4	4	4.21
doit-il	122273	10839	4	4	4.21
Laitages	122273	10839	4	4	4.21
Pleurs	122273	10839	4	4	4.21
McDo	122273	10839	4	4	4.21
surnomme	122273	10839	4	4	4.21
Conseils	122273	10839	33	11	4.18
astuces	122273	10839	10	6	4.15
Atelier	122273	10839	10	6	4.15
photos	122273	10839	23	9	4.12
premiers	122273	10839	51	14	4.11
apprend	122273	10839	14	7	4.11
réussir	122273	10839	7	5	4.02
nounou	122273	10839	15	7	3.88
commencer	122273	10839	15	7	3.88
Allaitement	122273	10839	11	6	3.85
Recette	122273	10839	11	6	3.85
se	122273	10839	360	52	3.81
parler	122273	10839	36	11	3.81
besoins	122273	10839	20	8	3.80
les	122273	10839	1938	213	3.77
endormir	122273	10839	8	5	3.63
Montessori	122273	10839	8	5	3.63
pause	122273	10839	8	5	3.63
Que	122273	10839	32	10	3.60
A	122273	10839	92	19	3.58
Coca	122273	10839	5	4	3.55
Age	122273	10839	5	4	3.55
Sevrage	122273	10839	5	4	3.55
Exploration	122273	10839	5	4	3.55
apaiser	122273	10839	5	4	3.55
Santé	122273	10839	118	22	3.40
émotionnel	122273	10839	28	9	3.40
tête	122273	10839	40	11	3.38
peur	122273	10839	23	8	3.33
signifie	122273	10839	9	5	3.32
capables	122273	10839	9	5	3.32
Repas	122273	10839	9	5	3.32
Avant	122273	10839	9	5	3.32
Comprendre	122273	10839	9	5	3.32
préparer	122273	10839	9	5	3.32
lit	122273	10839	18	7	3.31
socialisation	122273	10839	24	8	3.20
marques	122273	10839	14	6	3.16
laisse	122273	10839	14	6	3.16
dehors	122273	10839	14	6	3.16
oculométrie	122273	10839	3	3	3.16
berceuses	122273	10839	3	3	3.16
Evolution	122273	10839	3	3	3.16
Laits	122273	10839	3	3	3.16
Petits	122273	10839	3	3	3.16
Premières	122273	10839	3	3	3.16
transforme	122273	10839	3	3	3.16
emmailloter	122273	10839	3	3	3.16
casino	122273	10839	3	3	3.16
amusent	122273	10839	3	3	3.16
printanières	122273	10839	3	3	3.16
tape	122273	10839	3	3	3.16
Biscuit	122273	10839	6	4	3.11
conversations	122273	10839	6	4	3.11
accouche	122273	10839	6	4	3.11
lance	122273	10839	6	4	3.11
arrivée	122273	10839	20	7	3.00
Recettes	122273	10839	15	6	2.98
bébés	122273	10839	146	24	2.89
produits	122273	10839	39	10	2.89
prénoms	122273	10839	39	10	2.89
alimentaire	122273	10839	21	7	2.87
autour	122273	10839	33	9	2.85
Nestlé	122273	10839	11	5	2.84
découvrez	122273	10839	11	5	2.84
Être	122273	10839	11	5	2.84
Produits	122273	10839	16	6	2.81
éveiller	122273	10839	7	4	2.79
Quand	122273	10839	28	8	2.73
signes	122273	10839	28	8	2.73
Article	122273	10839	304	41	2.71
chez	122273	10839	152	24	2.68
capable	122273	10839	17	6	2.67
Maman	122273	10839	12	5	2.65
gel	122273	10839	4	3	2.60
populaire	122273	10839	4	3	2.60
Grâce	122273	10839	4	3	2.60
jalons	122273	10839	4	3	2.60
Nourrir	122273	10839	4	3	2.60
Bosch	122273	10839	4	3	2.60
neurobiologie	122273	10839	4	3	2.60
Par	122273	10839	36	9	2.59
du	122273	10839	1134	123	2.55
garde	122273	10839	30	8	2.54
couleur	122273	10839	8	4	2.53
sortie	122273	10839	8	4	2.53
possède	122273	10839	8	4	2.53
connectés	122273	10839	8	4	2.53
Nidal	122273	10839	8	4	2.53
Lactés	122273	10839	8	4	2.53
Céréale	122273	10839	8	4	2.53
Souper	122273	10839	8	4	2.53
né	122273	10839	8	4	2.53
Quelle	122273	10839	8	4	2.53
Peut-on	122273	10839	8	4	2.53
voiture	122273	10839	8	4	2.53
stimulus	122273	10839	8	4	2.53
est-ce	122273	10839	37	9	2.51
montré	122273	10839	13	5	2.47
berceau	122273	10839	13	5	2.47
Découvrez	122273	10839	31	8	2.45
semaine	122273	10839	31	8	2.45
social	122273	10839	75	14	2.44
sa	122273	10839	288	38	2.44
car	122273	10839	45	10	2.43
prénom	122273	10839	53	11	2.39
Accueil	122273	10839	32	8	2.36
Actualités	122273	10839	39	9	2.35
première	122273	10839	54	11	2.33
charge	122273	10839	14	5	2.32
logo	122273	10839	9	4	2.31
préparation	122273	10839	9	4	2.31
Univers	122273	10839	9	4	2.31
propreté	122273	10839	9	4	2.31
Développement	122273	10839	70	13	2.30
Plus	122273	10839	47	10	2.30
porte	122273	10839	20	6	2.29
pouvez	122273	10839	33	8	2.28
top	122273	10839	5	3	2.24
adapté	122273	10839	5	3	2.24
Entre	122273	10839	5	3	2.24
encourager	122273	10839	5	3	2.24
exprimera	122273	10839	5	3	2.24
Acquisition	122273	10839	5	3	2.24
tenues	122273	10839	5	3	2.24
Ping	122273	10839	5	3	2.24
stimuli	122273	10839	5	3	2.24
cet	122273	10839	56	11	2.22
regard	122273	10839	34	8	2.21
parent	122273	10839	34	8	2.21
à	122273	10839	2489	245	2.20
apprendre	122273	10839	21	6	2.18
chercheurs	122273	10839	28	7	2.14
parle	122273	10839	28	7	2.14
soins	122273	10839	28	7	2.14
parking	122273	10839	10	4	2.13
puériculture	122273	10839	10	4	2.13
now	122273	10839	2	2	2.10
cote	122273	10839	2	2	2.10
brique	122273	10839	2	2	2.10
concentre	122273	10839	2	2	2.10
bracelets	122273	10839	2	2	2.10
poignet	122273	10839	2	2	2.10
clown	122273	10839	2	2	2.10
testés	122273	10839	2	2	2.10
remettre	122273	10839	2	2	2.10
formidables	122273	10839	2	2	2.10
participant	122273	10839	2	2	2.10
régaler	122273	10839	2	2	2.10
gammes	122273	10839	2	2	2.10
pensés	122273	10839	2	2	2.10
blue	122273	10839	2	2	2.10
register	122273	10839	2	2	2.10
add	122273	10839	2	2	2.10
sociable	122273	10839	2	2	2.10
sociabiliser	122273	10839	2	2	2.10
IL	122273	10839	2	2	2.10
ptit-souper-berceuse	122273	10839	2	2	2.10
ptit-souper-bebe-fait-ses-nuits	122273	10839	2	2	2.10
Apprenez	122273	10839	2	2	2.10
Garde	122273	10839	2	2	2.10
Céréales	122273	10839	2	2	2.10
Plats	122273	10839	2	2	2.10
Biberon	122273	10839	2	2	2.10
pédagogies	122273	10839	2	2	2.10
PODCAST	122273	10839	2	2	2.10
Éveillons-nous	122273	10839	2	2	2.10
multisensoriel	122273	10839	2	2	2.10
passera	122273	10839	2	2	2.10
manifestera	122273	10839	2	2	2.10
prêtez	122273	10839	2	2	2.10
Premier	122273	10839	2	2	2.10
hyperémotif	122273	10839	2	2	2.10
coordonner	122273	10839	2	2	2.10
éprouvera	122273	10839	2	2	2.10
nourrice	122273	10839	2	2	2.10
gardé	122273	10839	2	2	2.10
déplacer	122273	10839	2	2	2.10
Prêt	122273	10839	2	2	2.10
year	122273	10839	2	2	2.10
baleine	122273	10839	2	2	2.10
CHAUVEL	122273	10839	2	2	2.10
attrapé	122273	10839	2	2	2.10
toilette	122273	10839	2	2	2.10
Havea	122273	10839	2	2	2.10
ABONNER	122273	10839	2	2	2.10
faciliter	122273	10839	2	2	2.10
délivre	122273	10839	2	2	2.10
consultables	122273	10839	2	2	2.10
Momes	122273	10839	2	2	2.10
Pause	122273	10839	2	2	2.10
coiffant	122273	10839	2	2	2.10
Dents	122273	10839	2	2	2.10
Otoplastie	122273	10839	2	2	2.10
Fente	122273	10839	2	2	2.10
labio-palatine	122273	10839	2	2	2.10
céréales	122273	10839	2	2	2.10
Chou-fleur	122273	10839	2	2	2.10
Intolérance	122273	10839	2	2	2.10
gluten	122273	10839	2	2	2.10
cœliaque	122273	10839	2	2	2.10
fabriquer	122273	10839	2	2	2.10
nettoyante	122273	10839	2	2	2.10
bradycardies	122273	10839	2	2	2.10
Tuto	122273	10839	2	2	2.10
sourit-il	122273	10839	2	2	2.10
hypoallergénique	122273	10839	2	2	2.10
responsabiliser	122273	10839	2	2	2.10
palmarès	122273	10839	2	2	2.10
Etoiles	122273	10839	2	2	2.10
Cosméto	122273	10839	2	2	2.10
gaufres	122273	10839	2	2	2.10
participez	122273	10839	2	2	2.10
roter	122273	10839	2	2	2.10
séance	122273	10839	2	2	2.10
regardent	122273	10839	2	2	2.10
anastasia	122273	10839	2	2	2.10
shuraeva	122273	10839	2	2	2.10
parHéloïse	122273	10839	2	2	2.10
dansémotions	122273	10839	2	2	2.10
UncategorizedÉtiquettes	122273	10839	2	2	2.10
pleuraient	122273	10839	2	2	2.10
occidentaux	122273	10839	2	2	2.10
réagit	122273	10839	2	2	2.10
parlés	122273	10839	2	2	2.10
rejette	122273	10839	2	2	2.10
autoritaire	122273	10839	2	2	2.10
régressifs	122273	10839	2	2	2.10
abréviation	122273	10839	2	2	2.10
kits	122273	10839	2	2	2.10
vinyle	122273	10839	2	2	2.10
Bébés	122273	10839	22	6	2.09
prématuré	122273	10839	16	5	2.07
Soins	122273	10839	29	7	2.06
il	122273	10839	453	52	2.00
un	122273	10839	1224	125	2.00
aux	122273	10839	312	38	2.00
entourent	122273	10839	6	3	1.98
lumière	122273	10839	6	3	1.98
distance	122273	10839	6	3	1.98
pensent	122273	10839	6	3	1.98
niveaux	122273	10839	6	3	1.98
manifester	122273	10839	6	3	1.98
Activités	122273	10839	6	3	1.98
ressent	122273	10839	6	3	1.98
articles	122273	10839	45	9	1.98
Partager	122273	10839	45	9	1.98
dès	122273	10839	38	8	1.94
Grossesse	122273	10839	31	7	1.91
mesure	122273	10839	24	6	1.91
parents	122273	10839	153	21	1.88
an	122273	10839	55	10	1.87
alimentation	122273	10839	18	5	1.85
si	122273	10839	126	18	1.85
effet	122273	10839	32	7	1.85
Chouchou	122273	10839	12	4	1.84
donnés	122273	10839	12	4	1.84
mouvements	122273	10839	12	4	1.84
Chez	122273	10839	12	4	1.84
interaction	122273	10839	12	4	1.84
prématurés	122273	10839	12	4	1.84
menu	122273	10839	12	4	1.84
durée	122273	10839	12	4	1.84
Nos	122273	10839	82	13	1.81
petit	122273	10839	91	14	1.81
le	122273	10839	2022	194	1.80
savoir	122273	10839	74	12	1.79
maman	122273	10839	33	7	1.78
désigner	122273	10839	7	3	1.77
préférence	122273	10839	7	3	1.77
solo	122273	10839	7	3	1.77
digestifs	122273	10839	7	3	1.77
entrer	122273	10839	7	3	1.77
malade	122273	10839	7	3	1.77
internautes	122273	10839	7	3	1.77
Massage	122273	10839	7	3	1.77
reçues	122273	10839	7	3	1.77
Submit	122273	10839	177	23	1.77
Quel	122273	10839	19	5	1.76
répondre	122273	10839	19	5	1.76
intérêt	122273	10839	19	5	1.76
réactions	122273	10839	19	5	1.76
Top	122273	10839	19	5	1.76
nouveaux	122273	10839	26	6	1.76
façon	122273	10839	26	6	1.76
Langage	122273	10839	13	4	1.72
garçon	122273	10839	13	4	1.72
bien	122273	10839	122	17	1.71
six	122273	10839	27	6	1.69
ont	122273	10839	172	22	1.68
côté	122273	10839	20	5	1.68
mystère	122273	10839	3	2	1.67
intéressé	122273	10839	3	2	1.67
proposées	122273	10839	3	2	1.67
certificat	122273	10839	3	2	1.67
Laure	122273	10839	3	2	1.67
Cailloce	122273	10839	3	2	1.67
reconnaitre	122273	10839	3	2	1.67
travaux	122273	10839	3	2	1.67
tonalité	122273	10839	3	2	1.67
déjeuner	122273	10839	3	2	1.67
dîner	122273	10839	3	2	1.67
login	122273	10839	3	2	1.67
fait-il	122273	10839	3	2	1.67
dodo	122273	10839	3	2	1.67
angoisses	122273	10839	3	2	1.67
Tutos	122273	10839	3	2	1.67
Dis-moi	122273	10839	3	2	1.67
Lieu	122273	10839	3	2	1.67
parlant	122273	10839	3	2	1.67
orienter	122273	10839	3	2	1.67
pattes	122273	10839	3	2	1.67
curieux	122273	10839	3	2	1.67
Alexandre	122273	10839	3	2	1.67
pressé	122273	10839	3	2	1.67
courant	122273	10839	3	2	1.67
couches	122273	10839	3	2	1.67
PMA	122273	10839	3	2	1.67
fièvre	122273	10839	3	2	1.67
vitamines	122273	10839	3	2	1.67
tomate	122273	10839	3	2	1.67
mine	122273	10839	3	2	1.67
idéale	122273	10839	3	2	1.67
lessive	122273	10839	3	2	1.67
puéricultrice	122273	10839	3	2	1.67
août	122273	10839	3	2	1.67
inquiéter	122273	10839	3	2	1.67
tripote	122273	10839	3	2	1.67
comprendre	122273	10839	52	9	1.64
mots	122273	10839	97	14	1.63
grâce	122273	10839	28	6	1.63
année	122273	10839	44	8	1.62
scientifiques	122273	10839	14	4	1.61
Véronique	122273	10839	8	3	1.61
fur	122273	10839	8	3	1.61
Durant	122273	10839	8	3	1.61
regards	122273	10839	8	3	1.61
présent	122273	10839	8	3	1.61
adorable	122273	10839	8	3	1.61
Problèmes	122273	10839	8	3	1.61
peut-il	122273	10839	8	3	1.61
apprentissage	122273	10839	80	12	1.59
allaitement	122273	10839	29	6	1.56
la	122273	10839	2256	201	1.53
durant	122273	10839	22	5	1.53
prise	122273	10839	15	4	1.52
capacités	122273	10839	15	4	1.52
points	122273	10839	15	4	1.52
sourire	122273	10839	15	4	1.52
Menu	122273	10839	30	6	1.51
des	122273	10839	1798	163	1.50
cerveau	122273	10839	74	11	1.49
nés	122273	10839	9	3	1.47
apprennent	122273	10839	9	3	1.47
voit	122273	10839	9	3	1.47
minutes	122273	10839	9	3	1.47
compagnon	122273	10839	9	3	1.47
Du	122273	10839	9	3	1.47
Choisir	122273	10839	9	3	1.47
doudou	122273	10839	23	5	1.46
écran	122273	10839	23	5	1.46
montre	122273	10839	23	5	1.46
beaucoup	122273	10839	66	10	1.46
Enfant	122273	10839	31	6	1.45
plus	122273	10839	581	58	1.45
sont	122273	10839	391	41	1.44
heure	122273	10839	16	4	1.43
davantage	122273	10839	16	4	1.43
Podcasts	122273	10839	16	4	1.43
est	122273	10839	967	91	1.43
quand	122273	10839	67	10	1.43
Les	122273	10839	597	59	1.42
figurent	122273	10839	4	2	1.41
exercices	122273	10839	4	2	1.41
fonctionner	122273	10839	4	2	1.41
définition	122273	10839	4	2	1.41
maths	122273	10839	4	2	1.41
Izard	122273	10839	4	2	1.41
honneur	122273	10839	4	2	1.41
noir	122273	10839	4	2	1.41
figures	122273	10839	4	2	1.41
Téléphone	122273	10839	4	2	1.41
nutritionnel	122273	10839	4	2	1.41
trouvez	122273	10839	4	2	1.41
You	122273	10839	4	2	1.41
need	122273	10839	4	2	1.41
Éveil	122273	10839	4	2	1.41
Périodes	122273	10839	4	2	1.41
Nature	122273	10839	4	2	1.41
cinquième	122273	10839	4	2	1.41
gêne	122273	10839	4	2	1.41
nourrir	122273	10839	4	2	1.41
probable	122273	10839	4	2	1.41
autonome	122273	10839	4	2	1.41
stimuler	122273	10839	4	2	1.41
frappent	122273	10839	4	2	1.41
givré	122273	10839	4	2	1.41
arrivés	122273	10839	4	2	1.41
spécialement	122273	10839	4	2	1.41
coin	122273	10839	4	2	1.41
indispensables	122273	10839	4	2	1.41
Donner	122273	10839	4	2	1.41
introduire	122273	10839	4	2	1.41
Passage	122273	10839	4	2	1.41
Bio	122273	10839	4	2	1.41
Durée	122273	10839	4	2	1.41
individuel	122273	10839	4	2	1.41
DOMINANT	122273	10839	4	2	1.41
Bilodeau	122273	10839	4	2	1.41
dites	122273	10839	4	2	1.41
provoque	122273	10839	4	2	1.41
exposés	122273	10839	4	2	1.41
lorsque	122273	10839	32	6	1.41
choisir	122273	10839	24	5	1.40
Pendant	122273	10839	10	3	1.36
observer	122273	10839	10	3	1.36
simplement	122273	10839	10	3	1.36
sourires	122273	10839	10	3	1.36
réveille	122273	10839	10	3	1.36
Prendre	122273	10839	10	3	1.36
Psycho	122273	10839	10	3	1.36
bienfaits	122273	10839	10	3	1.36
reconnaît	122273	10839	10	3	1.36
obligatoire	122273	10839	10	3	1.36
langues	122273	10839	17	4	1.36
produit	122273	10839	17	4	1.36
Bien-être	122273	10839	17	4	1.36
plusieurs	122273	10839	51	8	1.35
émotions	122273	10839	51	8	1.35
grandes	122273	10839	42	7	1.35
premier	122273	10839	43	7	1.31
grossesse	122273	10839	43	7	1.31
mode	122273	10839	26	5	1.29
ce	122273	10839	346	35	1.29
connaissances	122273	10839	18	4	1.29
Dès	122273	10839	18	4	1.29
livre	122273	10839	18	4	1.29
permet	122273	10839	35	6	1.27
environnement	122273	10839	35	6	1.27
dans	122273	10839	683	60	1.27
mères	122273	10839	11	3	1.26
membre	122273	10839	11	3	1.26
difficile	122273	10839	11	3	1.26
réponses	122273	10839	11	3	1.26
parentale	122273	10839	11	3	1.26
pieds	122273	10839	11	3	1.26
vieux	122273	10839	11	3	1.26
Si	122273	10839	64	9	1.25
fait	122273	10839	148	17	1.24
nuit	122273	10839	27	5	1.24
pleurer	122273	10839	27	5	1.24
mettre	122273	10839	27	5	1.24
pays	122273	10839	36	6	1.23
vite	122273	10839	19	4	1.23
vraiment	122273	10839	19	4	1.23
comprennent	122273	10839	5	2	1.23
similaires	122273	10839	5	2	1.23
chercheuse	122273	10839	5	2	1.23
signaux	122273	10839	5	2	1.23
précieuse	122273	10839	5	2	1.23
placés	122273	10839	5	2	1.23
bases	122273	10839	5	2	1.23
compliqué	122273	10839	5	2	1.23
organisée	122273	10839	5	2	1.23
savent	122273	10839	5	2	1.23
mini-langue	122273	10839	5	2	1.23
Socialisation	122273	10839	5	2	1.23
intervient	122273	10839	5	2	1.23
Logo	122273	10839	5	2	1.23
Fruits	122273	10839	5	2	1.23
favoriser	122273	10839	5	2	1.23
passent	122273	10839	5	2	1.23
exprime	122273	10839	5	2	1.23
émotionnelles	122273	10839	5	2	1.23
explorer	122273	10839	5	2	1.23
solitaire	122273	10839	5	2	1.23
soulager	122273	10839	5	2	1.23
mn	122273	10839	5	2	1.23
Retrouvez	122273	10839	5	2	1.23
conseille	122273	10839	5	2	1.23
seconde	122273	10839	5	2	1.23
écolo	122273	10839	5	2	1.23
Arnault	122273	10839	5	2	1.23
Pfersdorff	122273	10839	5	2	1.23
domicile	122273	10839	5	2	1.23
pexels	122273	10839	5	2	1.23
peine	122273	10839	5	2	1.23
Nouveau-né	122273	10839	5	2	1.23
Puériculture	122273	10839	5	2	1.23
sauf	122273	10839	5	2	1.23
maison	122273	10839	65	9	1.22
grand	122273	10839	46	7	1.21
nous	122273	10839	162	18	1.21
peut	122273	10839	140	16	1.21
va	122273	10839	66	9	1.20
qu	122273	10839	303	30	1.20
important	122273	10839	28	5	1.20
utiliser	122273	10839	28	5	1.20
différents	122273	10839	28	5	1.20
par	122273	10839	480	42	1.19
notre	122273	10839	98	12	1.19
ainsi	122273	10839	47	7	1.18
Imprimer	122273	10839	12	3	1.18
séparation	122273	10839	12	3	1.18
gérer	122273	10839	12	3	1.18
expressions	122273	10839	12	3	1.18
Certains	122273	10839	12	3	1.18
miroir	122273	10839	12	3	1.18
manger	122273	10839	20	4	1.17
Mon	122273	10839	337	32	1.17
peau	122273	10839	29	5	1.15
sexe	122273	10839	29	5	1.15
Pour	122273	10839	100	12	1.15
groupe	122273	10839	48	7	1.15
face	122273	10839	48	7	1.15
ne	122273	10839	305	29	1.14
pourrait	122273	10839	39	6	1.13
questions	122273	10839	21	4	1.12
développement	122273	10839	248	24	1.11
mon	122273	10839	161	17	1.11
tâches	122273	10839	13	3	1.10
raconte	122273	10839	13	3	1.10
exercice	122273	10839	13	3	1.10
savons	122273	10839	6	2	1.09
positions	122273	10839	6	2	1.09
Photothèque	122273	10839	6	2	1.09
rares	122273	10839	6	2	1.09
participation	122273	10839	6	2	1.09
restent	122273	10839	6	2	1.09
grammaire	122273	10839	6	2	1.09
Email	122273	10839	6	2	1.09
Face	122273	10839	6	2	1.09
jpg	122273	10839	6	2	1.09
plats	122273	10839	6	2	1.09
biscuit	122273	10839	6	2	1.09
Même	122273	10839	6	2	1.09
pourrez	122273	10839	6	2	1.09
séances	122273	10839	6	2	1.09
exprimez	122273	10839	6	2	1.09
calmer	122273	10839	6	2	1.09
conjointe	122273	10839	6	2	1.09
ressentir	122273	10839	6	2	1.09
goût	122273	10839	6	2	1.09
possibilités	122273	10839	6	2	1.09
Vacances	122273	10839	6	2	1.09
mental	122273	10839	6	2	1.09
interagir	122273	10839	6	2	1.09
doigt	122273	10839	6	2	1.09
devrait	122273	10839	6	2	1.09
BébéS	122273	10839	6	2	1.09
Parfois	122273	10839	6	2	1.09
facture-t-il	122273	10839	6	2	1.09
chaton	122273	10839	6	2	1.09
rubrique	122273	10839	6	2	1.09
pouce	122273	10839	6	2	1.09
biberon	122273	10839	6	2	1.09
garder	122273	10839	6	2	1.09
dormant	122273	10839	6	2	1.09
Méthode	122273	10839	6	2	1.09
live	122273	10839	6	2	1.09
grands-parents	122273	10839	6	2	1.09
joli	122273	10839	6	2	1.09
Mélanie	122273	10839	6	2	1.09
préférences	122273	10839	6	2	1.09
périodes	122273	10839	6	2	1.09
auquel	122273	10839	6	2	1.09
Aliments	122273	10839	6	2	1.09
dont	122273	10839	61	8	1.09
Des	122273	10839	72	9	1.08
quoi	122273	10839	31	5	1.08
eau	122273	10839	22	4	1.07
Live	122273	10839	22	4	1.07
sait	122273	10839	22	4	1.07
avons	122273	10839	22	4	1.07
pourquoi	122273	10839	52	7	1.05
adopte	122273	10839	1	1	1.05
reposant	122273	10839	1	1	1.05
recours	122273	10839	1	1	1.05
intensive	122273	10839	1	1	1.05
drap	122273	10839	1	1	1.05
affiches	122273	10839	1	1	1.05
Croix-Rouge	122273	10839	1	1	1.05
revendications	122273	10839	1	1	1.05
perdent	122273	10839	1	1	1.05
douche	122273	10839	1	1	1.05
organise	122273	10839	1	1	1.05
émules	122273	10839	1	1	1.05
Récal	122273	10839	1	1	1.05
Blédine	122273	10839	1	1	1.05
Victor	122273	10839	1	1	1.05
Battaggion	122273	10839	1	1	1.05
jeté	122273	10839	1	1	1.05
Historia	122273	10839	1	1	1.05
Wlassikoff	122273	10839	1	1	1.05
Bodeux	122273	10839	1	1	1.05
Fabuleuse	122273	10839	1	1	1.05
exemplaire	122273	10839	1	1	1.05
Masquer	122273	10839	1	1	1.05
surconsommation	122273	10839	1	1	1.05
violemment	122273	10839	1	1	1.05
Eure	122273	10839	1	1	1.05
FranceCes	122273	10839	1	1	1.05
excentriques	122273	10839	1	1	1.05
Nevers	122273	10839	1	1	1.05
catégoriser	122273	10839	1	1	1.05
recèle	122273	10839	1	1	1.05
comprend-il	122273	10839	1	1	1.05
observaient	122273	10839	1	1	1.05
enregistraient	122273	10839	1	1	1.05
attellent	122273	10839	1	1	1.05
dessous	122273	10839	1	1	1.05
riche	122273	10839	1	1	1.05
Sections	122273	10839	1	1	1.05
Paru	122273	10839	1	1	1.05
AVC	122273	10839	1	1	1.05
Grollier	122273	10839	1	1	1.05
eyetracking	122273	10839	1	1	1.05
apprenait	122273	10839	1	1	1.05
déduire	122273	10839	1	1	1.05
redoublée	122273	10839	1	1	1.05
détermine	122273	10839	1	1	1.05
anticipe	122273	10839	1	1	1.05
avancent	122273	10839	1	1	1.05
bluffant	122273	10839	1	1	1.05
incapables	122273	10839	1	1	1.05
abordée	122273	10839	1	1	1.05
désintéressera	122273	10839	1	1	1.05
inédit	122273	10839	1	1	1.05
observons	122273	10839	1	1	1.05
diodes	122273	10839	1	1	1.05
envoient	122273	10839	1	1	1.05
oies	122273	10839	1	1	1.05
capter	122273	10839	1	1	1.05
galoper	122273	10839	1	1	1.05
a-t-elle	122273	10839	1	1	1.05
rechercheActualitésSemaine	122273	10839	1	1	1.05
Niger	122273	10839	1	1	1.05
photographiés	122273	10839	1	1	1.05
Cermes	122273	10839	1	1	1.05
Pourrions-nous	122273	10839	1	1	1.05
douter	122273	10839	1	1	1.05
naitre	122273	10839	1	1	1.05
sait-on	122273	10839	1	1	1.05
croit-on	122273	10839	1	1	1.05
pensent-ils	122273	10839	1	1	1.05
perçoivent-ils	122273	10839	1	1	1.05
aimeraient-ils	122273	10839	1	1	1.05
secrète	122273	10839	1	1	1.05
multipliés	122273	10839	1	1	1.05
modifiant	122273	10839	1	1	1.05
avions	122273	10839	1	1	1.05
dénombrent	122273	10839	1	1	1.05
apportées	122273	10839	1	1	1.05
olfactives	122273	10839	1	1	1.05
enclins	122273	10839	1	1	1.05
intégré	122273	10839	1	1	1.05
précédemment	122273	10839	1	1	1.05
écoutaient	122273	10839	1	1	1.05
flux	122273	10839	1	1	1.05
familiarisés	122273	10839	1	1	1.05
courtes	122273	10839	1	1	1.05
Copains	122273	10839	1	1	1.05
Étranges	122273	10839	1	1	1.05
Inconnus	122273	10839	1	1	1.05
socialise	122273	10839	1	1	1.05
joueront	122273	10839	1	1	1.05
oubliant	122273	10839	1	1	1.05
CE	122273	10839	1	1	1.05
QU	122273	10839	1	1	1.05
FAUT	122273	10839	1	1	1.05
RETENIR	122273	10839	1	1	1.05
Calmer	122273	10839	1	1	1.05
comment-gerer-le-sommeil-de-bebe-de-	122273	10839	1	1	1.05
-mois	122273	10839	1	1	1.05
Garder	122273	10839	1	1	1.05
duo	122273	10839	1	1	1.05
mettant	122273	10839	1	1	1.05
Chinese	122273	10839	1	1	1.05
Simplified	122273	10839	1	1	1.05
Tamil	122273	10839	1	1	1.05
Close	122273	10839	1	1	1.05
Apprenez-en	122273	10839	1	1	1.05
vivacité	122273	10839	1	1	1.05
retenir	122273	10839	1	1	1.05
porteront	122273	10839	1	1	1.05
somnolent	122273	10839	1	1	1.05
verrez	122273	10839	1	1	1.05
atteindra	122273	10839	1	1	1.05
passait	122273	10839	1	1	1.05
agité	122273	10839	1	1	1.05
bouge	122273	10839	1	1	1.05
confondre	122273	10839	1	1	1.05
dispose	122273	10839	1	1	1.05
Deuxième	122273	10839	1	1	1.05
distraire	122273	10839	1	1	1.05
excitant	122273	10839	1	1	1.05
souriait	122273	10839	1	1	1.05
rêvait	122273	10839	1	1	1.05
rendra	122273	10839	1	1	1.05
Interagissez	122273	10839	1	1	1.05
soi-disant	122273	10839	1	1	1.05
animées	122273	10839	1	1	1.05
joyeuses	122273	10839	1	1	1.05
arrêtera	122273	10839	1	1	1.05
captivé	122273	10839	1	1	1.05
Quatrième	122273	10839	1	1	1.05
remarquera	122273	10839	1	1	1.05
communique	122273	10839	1	1	1.05
apprécier	122273	10839	1	1	1.05
hyperstimulé	122273	10839	1	1	1.05
ralentissez	122273	10839	1	1	1.05
Septième	122273	10839	1	1	1.05
dixième	122273	10839	1	1	1.05
jack-in-the-box	122273	10839	1	1	1.05
prête	122273	10839	1	1	1.05
détendus	122273	10839	1	1	1.05
perceptible	122273	10839	1	1	1.05
activer	122273	10839	1	1	1.05
tentera	122273	10839	1	1	1.05
préférentiel	122273	10839	1	1	1.05
comptera	122273	10839	1	1	1.05
mette	122273	10839	1	1	1.05
paraissez	122273	10839	1	1	1.05
émotive	122273	10839	1	1	1.05
déposez	122273	10839	1	1	1.05
craintes	122273	10839	1	1	1.05
affecteront	122273	10839	1	1	1.05
prêtant	122273	10839	1	1	1.05
excités	122273	10839	1	1	1.05
métamorphoser	122273	10839	1	1	1.05
établiront	122273	10839	1	1	1.05
apprendront	122273	10839	1	1	1.05
morsure	122273	10839	1	1	1.05
épanouissent	122273	10839	1	1	1.05
Why	122273	10839	1	1	1.05
babies	122273	10839	1	1	1.05
cry	122273	10839	1	1	1.05
rampent	122273	10839	1	1	1.05
hissent	122273	10839	1	1	1.05
stupide	122273	10839	1	1	1.05
Faux	122273	10839	1	1	1.05
adorent	122273	10839	1	1	1.05
exagéré	122273	10839	1	1	1.05
cartonnés	122273	10839	1	1	1.05
Notez	122273	10839	1	1	1.05
Installez	122273	10839	1	1	1.05
essaye	122273	10839	1	1	1.05
demi-tasse	122273	10839	1	1	1.05
bouleversements	122273	10839	1	1	1.05
inaugurent	122273	10839	1	1	1.05
investit	122273	10839	1	1	1.05
Evergreen	122273	10839	1	1	1.05
Garden	122273	10839	1	1	1.05
Care	122273	10839	1	1	1.05
MÊME	122273	10839	1	1	1.05
SUJET	122273	10839	1	1	1.05
rebondir	122273	10839	1	1	1.05
DOSSIER	122273	10839	1	1	1.05
ventes	122273	10839	1	1	1.05
stables	122273	10839	1	1	1.05
neuve	122273	10839	1	1	1.05
Léa	122273	10839	1	1	1.05
Cardinal	122273	10839	1	1	1.05
Berceaux	122273	10839	1	1	1.05
technologique	122273	10839	1	1	1.05
constructeur	122273	10839	1	1	1.05
-en-	122273	10839	1	1	1.05
berce	122273	10839	1	1	1.05
capteur	122273	10839	1	1	1.05
succinct	122273	10839	1	1	1.05
comptabiliser	122273	10839	1	1	1.05
utilité	122273	10839	1	1	1.05
microphone	122273	10839	1	1	1.05
enrhumé	122273	10839	1	1	1.05
Devez-vous	122273	10839	1	1	1.05
interdits	122273	10839	1	1	1.05
Mixés	122273	10839	1	1	1.05
morceaux	122273	10839	1	1	1.05
minéraux	122273	10839	1	1	1.05
falloir	122273	10839	1	1	1.05
nombril	122273	10839	1	1	1.05
nécessitent	122273	10839	1	1	1.05
Prématurité	122273	10839	1	1	1.05
serions	122273	10839	1	1	1.05
parle-t-on	122273	10839	1	1	1.05
Combien	122273	10839	1	1	1.05
doivent-ils	122273	10839	1	1	1.05
hospitalisés	122273	10839	1	1	1.05
Peuvent-ils	122273	10839	1	1	1.05
éponges	122273	10839	1	1	1.05
entend-on	122273	10839	1	1	1.05
étonne	122273	10839	1	1	1.05
voilà	122273	10839	1	1	1.05
assaillis	122273	10839	1	1	1.05
tutoriel	122273	10839	1	1	1.05
trotter	122273	10839	1	1	1.05
Nooooon	122273	10839	1	1	1.05
safe	122273	10839	1	1	1.05
panne	122273	10839	1	1	1.05
endorme	122273	10839	1	1	1.05
casse-tête	122273	10839	1	1	1.05
Voyager	122273	10839	1	1	1.05
Actus	122273	10839	1	1	1.05
trajets	122273	10839	1	1	1.05
cadrage	122273	10839	1	1	1.05
Florilège	122273	10839	1	1	1.05
Burkina	122273	10839	1	1	1.05
capitale	122273	10839	1	1	1.05
chemins	122273	10839	1	1	1.05
brousse	122273	10839	1	1	1.05
Vêtements	122273	10839	1	1	1.05
énerve	122273	10839	1	1	1.05
Prestations	122273	10839	1	1	1.05
Appeler	122273	10839	1	1	1.05
étudiés	122273	10839	1	1	1.05
australienne	122273	10839	1	1	1.05
décodé	122273	10839	1	1	1.05
Dustan	122273	10839	1	1	1.05
POURQUOI	122273	10839	1	1	1.05
EST	122273	10839	1	1	1.05
INTERESSANT	122273	10839	1	1	1.05
REPERER	122273	10839	1	1	1.05
VISUEL	122273	10839	1	1	1.05
henley	122273	10839	1	1	1.05
studio	122273	10839	1	1	1.05
observateurs	122273	10839	1	1	1.05
AUDITIF	122273	10839	1	1	1.05
portés	122273	10839	1	1	1.05
hypersensibles	122273	10839	1	1	1.05
débordante	122273	10839	1	1	1.05
allons	122273	10839	1	1	1.05
rassureraient	122273	10839	1	1	1.05
amourette	122273	10839	1	1	1.05
adorée	122273	10839	1	1	1.05
poussinette	122273	10839	1	1	1.05
infini	122273	10839	1	1	1.05
cœur-cœur	122273	10839	1	1	1.05
tinamour	122273	10839	1	1	1.05
Pépère	122273	10839	1	1	1.05
indémodables	122273	10839	1	1	1.05
EDOUARD	122273	10839	1	1	1.05
PLANTE-FRÉCHETTE	122273	10839	1	1	1.05
ARCHIVES	122273	10839	1	1	1.05
PRESSE	122273	10839	1	1	1.05
consolidé	122273	10839	1	1	1.05
installations	122273	10839	1	1	1.05
roulement	122273	10839	1	1	1.05
trente	122273	10839	1	1	1.05
plongent	122273	10839	1	1	1.05
incompréhension	122273	10839	1	1	1.05
impuissance	122273	10839	1	1	1.05
vives	122273	10839	1	1	1.05
perpétuent	122273	10839	1	1	1.05
Difficile	122273	10839	1	1	1.05
innombrables	122273	10839	1	1	1.05
pelle	122273	10839	1	1	1.05
prouvé	122273	10839	1	1	1.05
esclave	122273	10839	1	1	1.05
tyran	122273	10839	1	1	1.05
persécuteur	122273	10839	1	1	1.05
sages	122273	10839	1	1	1.05
Moyen-Age	122273	10839	1	1	1.05
venaient	122273	10839	1	1	1.05
exorcisés	122273	10839	1	1	1.05
émetteur	122273	10839	1	1	1.05
maintes	122273	10839	1	1	1.05
admettons	122273	10839	1	1	1.05
psychotraumatologie	122273	10839	1	1	1.05
intolérance	122273	10839	1	1	1.05
Pratiquement	122273	10839	1	1	1.05
débattue	122273	10839	1	1	1.05
ethnologie	122273	10839	1	1	1.05
rapporté	122273	10839	1	1	1.05
nord-américains	122273	10839	1	1	1.05
biologiquement	122273	10839	1	1	1.05
déterminées	122273	10839	1	1	1.05
Vis	122273	10839	1	1	1.05
thésarde	122273	10839	1	1	1.05
Malou	122273	10839	1	1	1.05
BECKet	122273	10839	1	1	1.05
souligner	122273	10839	1	1	1.05
dictateur	122273	10839	1	1	1.05
Mum	122273	10839	1	1	1.05
Psychomot	122273	10839	1	1	1.05
mum	122273	10839	1	1	1.05
psychomot	122273	10839	1	1	1.05
sucrés	122273	10839	1	1	1.05
renforcés	122273	10839	1	1	1.05
béhavioristes	122273	10839	1	1	1.05
comportementalistes	122273	10839	1	1	1.05
Babillage	122273	10839	1	1	1.05
initiées	122273	10839	1	1	1.05
chatouilles	122273	10839	1	1	1.05
vocaux	122273	10839	1	1	1.05
laissent	122273	10839	1	1	1.05
tierces	122273	10839	1	1	1.05
Japonaises	122273	10839	1	1	1.05
dues	122273	10839	1	1	1.05
forts	122273	10839	1	1	1.05
habitue	122273	10839	1	1	1.05
diminution	122273	10839	1	1	1.05
nécessitant	122273	10839	1	1	1.05
introduits	122273	10839	1	1	1.05
axe	122273	10839	1	1	1.05
démontrer	122273	10839	1	1	1.05
contrastées	122273	10839	1	1	1.05
suce	122273	10839	1	1	1.05
aléatoire	122273	10839	1	1	1.05
relâchée	122273	10839	1	1	1.05
surdité	122273	10839	1	1	1.05
cardiaques	122273	10839	1	1	1.05
Vasseur	122273	10839	1	1	1.05
Delion	122273	10839	1	1	1.05
anticipation	122273	10839	1	1	1.05
ajustements	122273	10839	1	1	1.05
posturaux	122273	10839	1	1	1.05
Lise	122273	10839	1	1	1.05
Loumé	122273	10839	1	1	1.05
Péridurale	122273	10839	1	1	1.05
Présentations	122273	10839	1	1	1.05
foetus	122273	10839	1	1	1.05
Avoir	122273	10839	1	1	1.05
pots	122273	10839	1	1	1.05
Premiers	122273	10839	1	1	1.05
Tétine	122273	10839	1	1	1.05
Fièvre	122273	10839	1	1	1.05
Infections	122273	10839	1	1	1.05
varicelle	122273	10839	1	1	1.05
cutanés	122273	10839	1	1	1.05
urinaires	122273	10839	1	1	1.05
Rhume	122273	10839	1	1	1.05
